LoadCell xo yo zo xrot yrot zrot xlin ylin zlin xmag ymag zmag xa1 ya1 za1 xa2 ya2 za2
50.00 0.00 0.00 0.00 0.00 0.06 0.06 0.00 0.00 0.00 -11.38 15.06 -35.88 0.00 0.87 9.51 0.00 0.00 0.00		
50.00 360.00 0.00 -5.19 0.00 -0.12 0.06 0.01 -0.01 -0.24 -10.69 16.87 -33.56 0.01 0.88 9.51 0.00 0.89 9.76		
50.03 360.00 0.00 -5.19 -0.12 -0.25 0.06 0.00 -0.03 -0.24 -10.25 16.19 -34.75 0.00 0.85 9.52 0.00 0.89 9.76		
50.00 360.00 0.00 -5.19 -0.06 0.06 0.06 0.00 -0.01 -0.23 -10.69 16.56 -34.00 0.00 0.88 9.53 0.00 0.89 9.76		
49.98 359.94 0.00 -5.19 0.00 0.12 0.12 -0.02 -0.01 -0.23 -10.25 16.19 -35.19 -0.01 0.88 9.52 0.00 0.89 9.76		
49.95 359.94 0.00 -5.19 0.06 -0.25 0.06 0.01 -0.02 -0.25 -10.69 16.19 -35.19 0.01 0.87 9.51 0.00 0.89 9.76		
49.95 359.94 0.00 -5.19 -0.06 0.06 -0.06 0.00 -0.02 -0.26 -11.00 15.38 -33.56 0.00 0.87 9.50 0.00 0.89 9.76		
49.94 359.94 0.00 -5.19 -0.12 -0.06 0.00 0.00 -0.01 -0.23 -11.00 16.56 -33.25 0.00 0.87 9.52 0.00 0.89 9.76		
49.95 359.94 0.00 -5.19 0.00 -0.25 0.06 0.00 -0.02 -0.25 -10.25 16.19 -33.56 0.00 0.87 9.50 0.00 0.89 9.76		
49.96 359.94 0.00 -5.19 -0.06 -0.06 0.00 -0.01 0.00 -0.23 -10.69 16.19 -34.38 0.00 0.89 9.53 0.00 0.89 9.76		
49.97 359.94 0.00 -5.19 -0.06 -0.12 0.12 0.00 -0.01 -0.23 -11.38 16.56 -32.75 0.00 0.87 9.49 0.00 0.89 9.76		
49.97 359.94 0.00 -5.19 0.00 0.06 0.06 0.00 -0.01 -0.23 -10.25 16.19 -34.38 0.00 0.88 9.53 0.00 0.89 9.76		
49.95 359.94 0.00 -5.19 0.06 -0.06 -0.06 0.02 -0.01 -0.27 -11.00 15.75 -34.75 0.02 0.88 9.49 0.00 0.89 9.76		
49.94 359.94 0.00 -5.19 0.06 0.12 -0.06 0.00 -0.03 -0.25 -10.69 15.75 -34.75 0.00 0.88 9.53 0.00 0.89 9.76		
49.91 359.94 0.00 -5.19 -0.06 -0.06 -0.06 0.00 -0.02 -0.23 -9.88 16.19 -34.75 0.00 0.87 9.52 0.00 0.89 9.76		
49.89 359.94 0.00 -5.19 -0.06 0.00 -0.06 0.00 -0.01 -0.24 -10.69 16.19 -34.75 0.00 0.88 9.51 0.00 0.89 9.76		
49.88 359.94 0.00 -5.19 -0.06 0.00 0.00 0.00 -0.02 -0.24 -10.25 17.25 -33.56 0.00 0.86 9.52 0.00 0.89 9.76		
49.86 359.94 0.00 -5.19 0.00 -0.12 0.06 0.00 -0.03 -0.27 -11.00 17.25 -35.19 0.00 0.85 9.49 0.00 0.89 9.76		
49.85 359.94 0.00 -5.19 0.06 0.19 0.00 0.01 -0.02 -0.23 -10.25 16.87 -32.38 0.00 0.87 9.50 0.00 0.89 9.76		
49.81 359.94 0.00 -5.19 0.00 0.00 0.00 0.00 -0.01 -0.24 -10.25 16.56 -32.75 0.00 0.87 9.52 0.00 0.89 9.76		
49.78 359.94 0.00 -5.19 0.00 0.06 0.06 0.00 -0.02 -0.21 -9.88 16.19 -33.25 0.00 0.86 9.54 0.00 0.89 9.76		
49.79 359.94 0.00 -5.19 -0.06 -0.12 0.00 0.00 -0.02 -0.22 -10.25 16.19 -34.38 0.01 0.86 9.48 0.00 0.89 9.76		
49.81 359.94 0.00 -5.19 -0.06 0.00 -0.06 0.02 -0.02 -0.23 -9.88 16.87 -34.00 0.02 0.87 9.53 0.00 0.89 9.76		
49.80 359.94 0.00 -5.19 -0.06 0.25 -0.12 0.00 0.00 -0.24 -9.88 16.56 -34.00 0.00 0.88 9.52 0.00 0.89 9.76		
49.75 359.94 0.00 -5.19 0.00 0.06 0.06 0.00 -0.02 -0.25 -9.88 16.87 -34.38 0.01 0.87 9.52 0.00 0.89 9.76		
49.78 359.94 0.00 -5.19 0.00 -0.19 0.06 0.00 -0.02 -0.26 -11.00 16.56 -33.56 0.00 0.86 9.50 0.00 0.89 9.76		
49.77 359.94 0.00 -5.19 0.00 0.12 0.00 0.00 -0.03 -0.24 -10.69 16.19 -34.38 0.00 0.86 9.52 0.00 0.89 9.76		
49.77 359.94 0.00 -5.19 -0.06 0.00 -0.06 0.00 0.00 -0.26 -9.88 16.56 -33.56 0.00 0.90 9.49 0.00 0.89 9.76		
49.78 359.94 0.00 -5.19 -0.12 -0.06 -0.06 0.01 -0.01 -0.26 -10.69 16.19 -33.56 0.01 0.88 9.50 0.00 0.89 9.76		
49.80 359.94 0.00 -5.19 -0.06 1.69 -0.63 0.20 0.36 0.27 -9.88 16.87 -34.75 0.20 1.25 10.04 0.00 0.89 9.76		
49.84 0.00 0.00 -5.19 0.06 0.00 0.31 0.23 0.50 0.63 -11.38 16.87 -34.38 0.09 1.12 10.23 0.00 0.89 9.76		
49.83 0.00 0.00 -5.19 -0.06 0.25 0.19 -0.14 0.29 0.09 -6.19 10.56 -19.50 -0.15 1.18 9.86 0.00 0.89 9.76		
47.86 0.00 0.00 -5.19 -0.19 -0.37 0.50 -0.33 0.03 -0.63 -6.19 9.88 -21.00 -0.33 0.92 9.13 0.00 0.89 9.76		
44.74 0.00 -0.06 -5.19 -0.12 -0.25 0.37 -0.21 0.12 -0.27 -6.19 10.19 -20.87 -0.22 1.01 9.49 -0.01 0.89 9.76		
41.60 0.00 -0.06 -5.19 -0.06 -1.12 0.19 -0.04 -0.10 -0.54 -6.56 10.50 -20.50 -0.05 0.78 9.21 -0.01 0.89 9.76		
38.49 0.00 -0.06 -5.19 0.00 -0.37 -0.06 0.13 -0.15 -0.54 -6.88 10.19 -20.50 0.19 0.72 9.39 -0.01 0.89 9.76		
35.38 0.00 -0.06 -5.19 -0.12 0.19 -0.12 0.21 -0.15 -0.37 -6.56 10.88 -20.06 0.20 0.74 9.39 -0.01 0.89 9.76		
32.25 0.00 -0.06 -5.19 -0.06 0.63 -0.25 0.11 -0.11 -0.42 -6.56 10.50 -20.19 0.00 0.73 9.20 -0.01 0.89 9.76		
29.12 0.00 -0.06 -5.19 -0.06 0.75 -0.25 -0.10 -0.11 -0.53 -6.19 10.50 -20.87 -0.11 0.78 9.23 -0.01 0.89 9.76		
25.96 0.00 -0.06 -5.19 0.00 0.63 -0.06 -0.20 -0.06 -0.55 -5.75 10.50 -21.69 -0.22 0.82 9.20 -0.01 0.89 9.76		
22.78 0.00 -0.06 -5.19 -0.19 -0.06 0.00 -0.08 -0.01 -0.38 -6.56 10.50 -20.87 -0.09 0.87 9.38 -0.01 0.89 9.76		
19.64 0.00 -0.06 -5.19 -0.19 -0.37 0.00 0.04 0.03 -0.05 -6.19 10.50 -20.50 0.03 0.92 9.71 -0.01 0.89 9.76		
16.54 0.00 -0.06 -5.19 0.00 -0.37 0.12 0.15 0.05 0.06 -6.56 10.88 -21.25 0.14 0.90 9.69 -0.01 0.89 9.76		
13.38 0.00 -0.06 -5.19 0.00 -0.37 0.06 0.11 0.05 0.02 -6.88 10.88 -20.50 0.10 0.94 9.78 -0.01 0.89 9.76		
10.26 0.00 -0.06 -5.19 -0.06 0.00 0.12 0.02 0.01 -0.09 -5.75 10.19 -21.25 0.00 0.90 9.66 -0.01 0.89 9.76		
7.12 0.00 -0.06 -5.19 -0.06 0.12 0.00 -0.04 -0.06 -0.28 -6.88 9.38 -21.25 -0.05 0.82 9.48 -0.01 0.89 9.76		
3.98 0.00 -0.06 -5.19 -0.12 0.19 0.00 -0.07 -0.01 -0.27 -6.56 10.50 -21.25 -0.09 0.88 9.49 -0.01 0.89 9.76		
0.84 0.00 -0.06 -5.19 -0.12 0.00 0.00 -0.01 -0.05 -0.30 -6.19 10.19 -20.56 -0.02 0.83 9.45 -0.01 0.89 9.76		
-0.31 0.00 -0.06 -5.19 -0.06 -0.25 -0.12 0.04 -0.09 -0.33 -7.25 10.19 -21.25 0.02 0.79 9.42 -0.01 0.89 9.76		
-0.34 0.00 -0.06 -5.19 -0.06 0.06 -0.19 0.06 -0.04 -0.27 -6.19 9.38 -21.25 0.08 0.82 9.57 -0.01 0.89 9.76		
-0.34 0.00 -0.06 -5.19 0.06 0.31 -0.12 0.04 -0.07 -0.28 -6.19 10.50 -20.56 0.03 0.81 9.47 -0.01 0.89 9.76		
-0.35 0.00 -0.06 -5.19 0.00 0.37 -0.12 0.01 -0.04 -0.26 -6.56 10.50 -21.25 0.00 0.85 9.50 -0.01 0.89 9.76		
-0.35 0.00 -0.06 -5.19 -0.12 0.12 0.00 -0.05 0.00 -0.30 -6.56 9.75 -20.19 -0.06 0.89 9.45 -0.01 0.89 9.76		
-0.37 0.00 -0.06 -5.19 -0.06 0.06 -0.06 -0.04 -0.01 -0.30 -6.56 10.19 -20.87 -0.05 0.88 9.46 -0.01 0.89 9.76		
-0.38 0.00 -0.06 -5.19 -0.06 -0.19 0.06 -0.01 0.03 -0.20 -6.88 10.19 -19.75 -0.02 0.92 9.55 -0.01 0.89 9.76		
-0.38 0.00 -0.06 -5.19 -0.06 -0.31 0.12 0.06 0.01 -0.14 -6.88 10.19 -20.87 0.05 0.90 9.62 -0.01 0.89 9.76		
-0.38 0.00 -0.06 -5.19 0.06 -0.12 0.12 0.06 0.00 -0.14 -6.56 10.19 -20.06 0.04 0.89 9.61 -0.01 0.89 9.76		
-0.37 0.00 -0.06 -5.19 0.00 -0.12 -0.06 0.02 0.00 -0.16 -6.56 9.38 -20.06 0.01 0.89 9.59 -0.01 0.89 9.76		
-0.34 0.00 -0.06 -5.19 -0.06 -0.06 0.06 0.01 -0.01 -0.24 -6.19 10.19 -20.87 -0.01 0.86 9.53 -0.01 0.89 9.76		
-0.34 0.00 -0.06 -5.19 0.06 0.19 0.06 -0.02 -0.03 -0.30 -5.50 10.19 -20.06 -0.03 0.86 9.46 -0.01 0.89 9.76		
-0.35 0.00 -0.06 -5.19 0.06 -0.06 0.00 0.00 -0.02 -0.29 -6.19 9.75 -20.56 -0.02 0.87 9.47 -0.01 0.89 9.76		
-0.35 0.00 -0.06 -5.19 0.00 -0.12 0.06 0.00 -0.06 -0.28 -6.56 10.50 -20.87 0.02 0.85 9.53 -0.01 0.89 9.76		
-0.38 0.00 -0.06 -5.19 0.00 0.00 0.12 0.03 -0.03 -0.25 -7.25 10.19 -19.75 0.02 0.85 9.50 -0.01 0.89 9.76		
-0.38 0.00 -0.06 -5.19 0.00 0.12 -0.19 0.03 -0.01 -0.23 -6.88 10.88 -20.56 0.01 0.88 9.53 -0.01 0.89 9.76		
-0.38 0.00 -0.06 -5.19 -0.06 0.06 0.00 0.02 -0.04 -0.25 -7.25 9.75 -20.56 0.00 0.84 9.50 -0.01 0.89 9.76		
-0.39 0.00 -0.06 -5.19 0.06 0.12 -0.06 0.00 -0.04 -0.27 -7.69 9.75 -20.06 -0.01 0.85 9.49 -0.01 0.89 9.76		
-0.41 0.00 -0.06 -5.19 -0.19 -0.12 -0.06 -0.01 -0.02 -0.25 -8.00 9.75 -20.87 -0.02 0.86 9.51 -0.01 0.89 9.76		
-0.40 0.00 -0.06 -5.19 -0.06 0.06 -0.06 0.00 -0.01 -0.20 -8.38 10.50 -21.75 0.00 0.87 9.50 -0.01 0.89 9.76		
-0.40 0.00 -0.06 -5.19 0.06 -0.19 -0.06 0.04 0.00 -0.16 -8.38 11.25 -22.50 0.02 0.89 9.60 -0.01 0.89 9.76		
-0.43 0.00 -0.06 -5.19 -0.06 -0.12 -0.19 0.05 -0.01 -0.14 -8.75 10.50 -22.87 0.03 0.88 9.61 -0.01 0.89 9.76	
-0.46 0.00 -0.06 -5.19 0.06 -0.06 0.06 0.00 0.00 -0.23 -7.25 9.38 -21.75 -0.02 0.89 9.53 -0.01 0.89 9.76		
-0.45 0.00 -0.06 -5.19 -0.06 0.00 0.06 -0.02 0.01 -0.33 -7.69 9.00 -23.25 -0.04 0.90 9.43 -0.01 0.89 9.76		
-0.43 0.00 -0.06 -5.19 -0.06 -0.19 0.06 -0.02 -0.02 -0.35 -6.88 9.75 -22.06 -0.04 0.87 9.40 -0.01 0.89 9.76		
-0.41 0.00 -0.06 -5.19 0.12 0.06 -0.06 0.00 -0.03 -0.28 -7.25 10.19 -22.50 0.00 0.87 9.46 -0.01 0.89 9.76		
-0.38 0.00 -0.06 -5.19 0.00 0.19 0.00 0.01 -0.02 -0.28 -6.88 9.75 -22.06 0.00 0.87 9.48 -0.01 0.89 9.76		
-0.42 0.00 -0.06 -5.19 0.06 0.00 0.00 0.03 -0.03 -0.21 -5.75 9.75 -23.25 0.01 0.85 9.55 -0.01 0.89 9.76		
-0.43 0.00 -0.06 -5.19 0.12 0.00 0.06 0.04 0.00 -0.18 -6.56 9.75 -22.87 0.03 0.88 9.57 -0.01 0.89 9.76		
-0.43 0.00 -0.06 -5.19 -0.06 0.12 0.06 -0.03 -0.04 -0.28 -6.19 10.50 -23.25 -0.04 0.85 9.47 -0.01 0.89 9.76		
-0.43 0.00 -0.06 -5.19 0.00 -0.12 0.00 -0.01 -0.01 -0.21 -5.50 10.19 -23.25 -0.02 0.88 9.55 -0.01 0.89 9.76		
-0.42 0.00 -0.06 -5.19 -0.19 0.06 -0.12 -0.05 0.00 -0.21 -6.56 9.38 -23.69 -0.08 0.75 9.41 -0.01 0.89 9.76	
-0.16 0.00 -0.06 -5.19 0.00 -0.37 0.06 0.11 0.09 0.00 -6.56 9.38 -25.25 0.09 0.98 9.76 -0.01 0.89 9.76		
0.08 0.00 -0.06 -5.19 0.06 -0.50 -0.31 0.08 -0.05 -0.22 -6.56 9.75 -24.87 0.07 0.83 9.54 -0.01 0.89 9.76		
0.34 0.00 -0.06 -5.19 0.00 1.00 0.19 0.02 -0.24 -0.46 -7.25 9.75 -23.25 -0.01 0.76 9.46 -0.01 0.89 9.76		
0.60 359.94 -0.06 -5.19 0.00 0.31 -0.31 -0.12 -0.23 -0.53 -5.75 10.19 -23.25 -0.14 0.65 9.23 -0.02 0.89 9.76		
1.22 359.94 -0.06 -5.19 -0.06 -0.44 -0.37 0.00 -0.13 -0.37 -7.25 10.50 -22.06 -0.02 0.76 9.39 -0.02 0.89 9.76		
1.20 359.94 -0.06 -5.19 0.00 -0.44 0.00 0.21 0.02 0.00 -6.88 9.38 -22.50 0.19 0.91 9.76 -0.01 0.89 9.76		
1.10 359.94 -0.12 -5.19 0.00 0.06 0.06 0.25 0.14 0.09 -7.69 10.50 -22.87 0.23 1.03 9.85 -0.02 0.89 9.76		
1.11 359.94 -0.12 -5.19 0.12 0.69 0.37 0.10 0.35 0.02 -8.00 9.75 -22.06 -0.25 0.98 9.30 -0.02 0.89 9.76	
1.80 359.94 -0.12 -5.19 0.06 -0.19 -0.37 -0.13 -0.09 -0.05 -7.25 9.38 -21.75 -0.15 0.79 9.71 -0.02 0.89 9.76
3.94 359.94 -0.12 -5.19 0.12 0.50 -0.31 0.06 -0.18 -0.27 -7.69 9.00 -23.25 0.03 0.70 9.49 -0.02 0.89 9.76		
3.95 359.94 -0.12 -5.19 0.06 0.37 -0.31 -0.16 -0.22 -0.49 -7.25 10.19 -22.50 -0.19 0.66 9.27 -0.02 0.89 9.76		
3.92 359.94 -0.12 -5.19 -0.06 -0.06 -0.19 0.09 -0.26 -0.15 -6.88 10.19 -22.06 0.06 0.62 9.61 -0.02 0.89 9.76		
3.87 359.94 -0.12 -5.19 0.19 -0.81 -0.06 0.34 0.11 -0.23 -6.56 10.19 -22.87 0.32 1.00 9.52 -0.02 0.89 9.76		
3.78 359.94 -0.12 -5.19 0.06 0.06 0.19 0.39 0.35 -0.08 -7.25 10.75 -20.69 0.12 0.80 9.54 -0.02 0.89 9.76		
3.54 0.00 -0.12 -5.19 0.00 1.12 0.31 -0.03 0.17 -0.46 -6.56 11.88 -22.25 -0.06 1.06 9.30 -0.02 0.89 9.76		
3.29 359.94 -0.19 -5.19 -0.06 1.00 0.12 -0.14 0.25 -0.51 -6.88 10.75 -21.56 -0.17 1.14 9.24 -0.03 0.89 9.76		
3.03 359.94 -0.19 -5.19 0.06 0.56 0.25 -0.23 0.11 -0.45 -6.19 11.56 -22.25 -0.24 1.07 9.16 -0.03 0.89 9.76		
1.98 359.94 -0.19 -5.19 0.00 0.00 0.12 -0.11 0.18 -0.43 -6.19 11.88 -22.69 -0.14 1.08 9.32 -0.03 0.89 9.76		
1.34 359.94 -0.19 -5.19 -0.06 -0.25 0.25 0.04 0.00 -0.16 -6.19 11.19 -21.56 0.00 0.90 9.59 -0.03 0.89 9.76		
1.37 359.94 -0.19 -5.19 0.06 -0.37 0.12 0.19 -0.02 -0.03 -6.19 11.56 -20.37 0.15 0.86 9.73 -0.03 0.89 9.76		
1.39 359.94 -0.19 -5.19 0.06 0.31 0.19 0.17 -0.04 -0.05 -5.06 10.75 -20.69 0.13 0.84 9.71 -0.03 0.89 9.76		
1.35 359.94 -0.19 -5.19 -0.25 0.37 -0.19 0.08 -0.20 -0.13 -6.19 10.75 -21.56 0.04 0.68 9.62 -0.03 0.89 9.76		
0.93 359.94 -0.19 -5.19 0.06 0.25 -0.19 0.00 -0.12 -0.28 -4.69 11.19 -21.19 -0.11 0.78 9.47 -0.03 0.89 9.76		
0.65 359.94 -0.19 -5.19 0.12 -0.19 -0.12 -0.09 -0.11 -0.38 -5.75 11.88 -20.37 -0.13 0.78 9.38 -0.04 0.89 9.76		
-0.22 359.94 -0.19 -5.19 0.06 -0.44 -0.06 0.01 -0.12 -0.30 -6.56 10.75 -21.19 0.03 0.74 9.63 -0.04 0.89 9.76		
-0.36 359.94 -0.19 -5.19 -0.12 -0.31 -0.25 0.16 -0.05 -0.19 -5.75 10.38 -21.56 0.11 0.83 9.57 -0.04 0.89 9.76		
-0.44 359.94 -0.19 -5.19 -0.06 0.06 0.00 0.16 0.07 -0.22 -6.19 11.56 -21.56 0.11 0.96 9.54 -0.04 0.89 9.76		
-0.44 359.94 -0.19 -5.19 -0.06 0.50 0.06 0.02 -0.04 -0.31 -6.56 11.19 -21.56 -0.01 0.85 9.45 -0.04 0.89 9.76		
-0.43 359.94 -0.19 -5.19 -0.06 0.56 0.00 -0.03 0.10 -0.38 -6.19 10.06 -21.19 -0.07 0.99 9.38 -0.04 0.89 9.76		
-0.43 359.94 -0.19 -5.19 0.00 0.19 0.00 -0.09 0.07 -0.38 -6.56 11.19 -21.19 -0.13 0.96 9.38 -0.04 0.89 9.76		
-0.42 359.94 -0.19 -5.19 0.00 0.19 0.12 0.00 0.06 -0.33 -6.19 9.69 -20.69 -0.05 0.95 9.42 -0.04 0.89 9.76		
-0.44 359.94 -0.19 -5.19 0.06 -0.19 0.00 0.04 0.05 -0.23 -5.75 11.56 -20.69 0.00 0.94 9.53 -0.04 0.89 9.76		
-0.44 359.94 -0.19 -5.19 -0.12 -0.31 0.06 0.11 0.00 -0.15 -6.19 10.75 -21.56 0.07 0.89 9.61 -0.04 0.89 9.76		
-0.43 0.00 -0.19 -5.19 -0.44 -1.06 -1.69 0.29 -1.98 0.06 -7.25 11.06 -20.25 0.24 -1.09 9.83 -0.04 0.89 9.76		
-0.45 0.00 -0.19 -5.19 0.00 -0.56 -1.81 0.36 -1.22 0.55 -6.56 10.69 -20.37 0.32 -0.33 10.31 -0.04 0.89 9.76		
-0.48 359.94 -0.25 -5.19 0.63 -2.38 -1.56 -0.14 -0.63 0.41 -6.88 10.00 -21.19 -0.19 0.25 10.18 -0.04 0.89 9.76		
-0.45 359.94 -0.25 -5.19 0.00 -1.37 -0.50 0.02 -0.37 0.04 -7.25 11.06 -21.19 -0.01 0.51 9.81 -0.04 0.89 9.76		
-0.45 359.94 -0.25 -5.19 0.12 -1.63 -0.44 0.33 -0.05 0.22 -6.19 10.25 -20.00 0.29 0.83 9.99 -0.04 0.89 9.76		
-0.47 359.94 -0.19 -5.19 0.00 -0.25 0.31 0.23 0.46 -0.64 -6.19 10.69 -20.00 0.19 1.35 9.12 -0.04 0.89 9.76		
-0.47 359.94 -0.19 -5.19 0.00 1.19 0.75 0.10 0.46 -0.74 -6.88 10.00 -21.56 0.06 1.35 9.01 -0.04 0.89 9.76		
-0.45 359.94 -0.19 -5.19 0.12 1.75 0.63 0.00 0.37 -0.84 -5.50 10.25 -20.37 -0.04 1.26 8.92 -0.04 0.89 9.76		
-0.41 359.94 -0.25 -5.19 0.00 1.63 0.50 -0.22 0.28 -0.90 -6.19 10.25 -21.56 -0.31 1.23 8.70 -0.04 0.89 9.76		
-0.40 359.94 -0.19 -5.19 0.00 0.63 0.12 -0.21 0.18 -0.77 -6.56 11.06 -22.25 -0.25 1.07 8.99 -0.04 0.89 9.76		
-0.37 359.94 -0.19 -5.19 0.12 0.06 0.31 -0.03 -0.03 -0.20 -6.88 10.25 -21.19 -0.07 0.85 9.55 -0.04 0.89 9.76		
-0.36 359.94 -0.19 -5.19 0.00 -0.94 -0.06 0.14 0.11 -0.24 -7.25 10.25 -21.87 0.10 1.00 9.52 -0.03 0.89 9.76		
-0.38 359.94 -0.19 -5.19 -0.06 -0.37 -0.06 0.22 -0.06 0.13 -5.75 10.00 -20.69 0.19 0.82 9.90 -0.03 0.89 9.76		
-0.42 359.94 -0.19 -5.19 0.06 -0.50 -0.12 0.20 -0.19 0.24 -6.19 10.25 -21.56 0.09 0.82 9.84 -0.03 0.89 9.76		
-0.43 359.94 -0.19 -5.19 -0.06 0.06 0.06 0.00 -0.10 -0.05 -6.19 10.25 -21.19 -0.03 0.79 9.71 -0.03 0.89 9.76		
-0.40 359.94 -0.19 -5.19 0.06 -0.25 -0.25 -0.03 -0.17 -0.05 -6.19 10.25 -21.19 -0.07 0.71 9.70 -0.03 0.89 9.76		
-0.41 359.94 -0.19 -5.19 -0.12 0.00 -0.25 0.00 -0.14 -0.10 -6.19 10.00 -20.37 -0.04 0.74 9.65 -0.03 0.89 9.76		
-0.44 359.94 -0.19 -5.19 0.06 -0.50 -0.19 0.01 -0.15 -0.25 -6.19 10.00 -21.19 -0.02 0.73 9.51 -0.03 0.89 9.76		
-0.44 359.94 -0.19 -5.19 0.06 -0.12 0.00 0.11 -0.13 -0.18 -5.75 10.69 -20.00 0.12 0.74 9.76 -0.03 0.89 9.76		
-0.43 359.94 -0.19 -5.19 -0.06 -0.06 -0.12 0.11 -0.14 -0.19 -6.19 10.00 -21.56 0.08 0.74 9.56 -0.03 0.89 9.76		
-0.41 359.94 -0.19 -5.19 -0.12 0.19 -0.12 0.06 -0.03 -0.36 -5.50 9.56 -20.37 -0.02 0.75 9.54 -0.03 0.89 9.76		
-0.41 359.94 -0.19 -5.19 0.06 0.06 -0.06 -0.02 -0.11 -0.38 -5.50 10.00 -21.19 -0.05 0.78 9.38 -0.03 0.89 9.76		
-0.36 359.94 -0.19 -5.19 0.00 0.12 -0.31 0.11 0.09 -0.16 -6.56 9.56 -21.56 0.07 0.99 9.60 -0.03 0.89 9.76		
-0.32 359.94 -0.19 -5.19 0.00 0.31 -0.06 -0.02 0.19 -0.22 -5.75 10.25 -20.69 -0.10 1.02 9.46 -0.03 0.89 9.76		
-0.34 359.94 -0.19 -5.19 0.00 -0.31 0.12 0.00 0.05 -0.24 -7.25 10.00 -20.37 -0.03 0.94 9.52 -0.03 0.89 9.76		
-0.36 359.94 -0.19 -5.19 0.12 -0.25 0.19 0.03 0.09 -0.07 -5.75 10.25 -20.37 0.00 0.99 9.69 -0.03 0.89 9.76		
-0.38 0.00 -0.19 -5.19 0.81 0.88 -1.06 0.91 0.97 1.79 -6.19 10.00 -20.69 0.88 1.87 11.55 -0.04 0.89 9.76		
-0.38 0.00 -0.19 -5.19 -0.75 -0.69 1.94 -0.11 -0.07 -0.20 -6.56 9.56 -21.19 -0.14 0.81 9.56 -0.03 0.89 9.76		
-0.38 0.00 -0.19 -5.19 0.00 0.25 0.44 -0.34 -0.67 -0.71 -6.19 10.69 -19.19 -0.38 0.21 9.05 -0.03 0.89 9.76		
-0.39 0.00 -0.19 -5.19 0.06 0.69 -1.19 -0.30 -1.10 -1.20 -6.88 10.00 -20.69 -0.34 0.19 8.89 -0.03 0.89 9.76		
-0.39 359.94 -0.19 -5.19 -0.06 0.25 -1.31 -0.04 -0.53 -0.72 -6.56 10.25 -21.19 -0.08 0.35 9.04 -0.03 0.89 9.76		
-0.36 359.94 -0.19 -5.19 0.00 -0.06 -1.12 0.15 0.09 -0.21 -6.56 8.75 -21.87 0.11 0.99 9.55 -0.03 0.89 9.76		
-0.38 359.94 -0.19 -5.19 0.00 0.00 -0.50 0.26 -0.19 -0.23 -6.56 9.56 -21.87 0.22 0.69 9.53 -0.03 0.89 9.76
-0.38 0.00 -0.19 -5.19 0.00 -0.12 0.25 -0.09 0.11 -0.35 -6.19 9.19 -20.37 -0.13 1.00 9.40 -0.03 0.89 9.76		
-0.35 0.00 -0.19 -5.19 0.06 -0.69 0.25 0.20 0.12 0.02 -6.19 10.00 -21.56 0.16 1.01 9.78 -0.03 0.89 9.76		
-0.33 0.00 -0.19 -5.19 0.06 -0.75 0.19 0.33 0.00 0.12 -6.19 9.56 -21.19 0.30 1.03 9.89 -0.03 0.89 9.76		
-0.32 0.00 -0.19 -5.19 0.06 0.37 0.19 0.13 0.08 -0.06 -5.06 9.56 -21.19 0.10 0.97 9.69 -0.03 0.89 9.76		
-0.30 0.00 -0.19 -5.19 -0.06 0.44 0.06 0.00 -0.04 -0.26 -6.19 9.56 -20.69 -0.04 0.84 9.50 -0.03 0.89 9.76		
-0.33 0.00 -0.19 -5.19 0.00 0.44 0.00 -0.17 -0.05 -0.39 -6.19 9.56 -21.19 -0.20 0.83 9.37 -0.03 0.89 9.76		
-0.34 0.00 -0.19 -5.19 -0.06 -0.12 0.06 -0.17 -0.12 -0.46 -6.56 10.00 -20.69 -0.21 0.77 9.30 -0.03 0.89 9.76		
-0.30 0.00 -0.19 -5.19 -0.06 -0.56 -0.25 0.11 -0.10 -0.22 -6.56 10.25 -20.37 0.13 0.85 9.65 -0.03 0.89 9.76		
-0.30 0.00 -0.19 -5.19 0.12 0.06 -0.12 0.18 -0.13 -0.13 -5.50 9.56 -20.69 0.14 0.76 9.63 -0.03 0.89 9.76		
-0.30 0.00 -0.19 -5.19 -0.06 0.25 -0.19 0.09 -0.07 -0.22 -6.56 10.25 -21.19 0.05 0.81 9.53 -0.03 0.89 9.76		
-0.30 0.00 -0.19 -5.19 -0.12 0.25 -0.12 -0.08 -0.06 -0.37 -6.88 10.00 -20.69 -0.12 0.82 9.39 -0.03 0.89 9.76		
-0.30 0.00 -0.19 -5.19 -0.06 0.19 0.00 -0.03 -0.02 -0.33 -5.75 10.25 -20.37 -0.07 0.86 9.42 -0.03 0.89 9.76		
-0.27 0.00 -0.19 -5.19 0.12 -0.19 0.00 0.07 0.01 -0.16 -6.88 10.25 -21.56 0.03 0.90 9.60 -0.03 0.89 9.76		
-0.25 0.00 -0.19 -5.19 -0.12 -0.12 0.06 0.20 0.06 -0.04 -6.56 10.00 -20.37 0.16 0.95 9.72 -0.03 0.89 9.76		
-0.25 0.00 -0.19 -5.19 -0.06 -0.12 0.12 0.03 0.01 -0.16 -5.75 9.56 -20.37 0.00 0.90 9.59 -0.03 0.89 9.76		
-0.22 0.00 -0.19 -5.19 0.00 0.00 0.06 0.00 0.04 -0.22 -6.19 9.56 -20.75 -0.04 0.93 9.53 -0.03 0.89 9.76		
-0.20 0.00 -0.19 -5.19 -0.12 0.19 0.12 0.00 0.03 -0.28 -6.88 9.56 -20.37 -0.05 0.92 9.48 -0.03 0.89 9.76		
-0.18 0.00 -0.19 -5.19 0.06 0.25 0.06 0.01 0.06 -0.28 -6.88 10.25 -20.75 -0.02 0.95 9.48 -0.03 0.89 9.76		
-0.17 0.00 -0.19 -5.19 -0.12 0.06 0.12 0.06 0.01 -0.29 -7.69 10.69 -20.37 0.02 0.90 9.47 -0.03 0.89 9.76		
-0.19 0.00 -0.19 -5.19 -0.12 0.12 0.06 0.03 -0.08 -0.27 -5.75 10.25 -20.37 -0.05 0.82 9.48 -0.03 0.89 9.76		
-0.18 0.00 -0.19 -5.19 -0.12 0.06 -0.06 0.00 -0.05 -0.29 -6.56 10.25 -21.19 -0.04 0.83 9.47 -0.03 0.89 9.76		
-0.22 0.00 -0.19 -5.19 0.06 -0.12 -0.06 0.07 -0.05 -0.20 -7.25 10.25 -21.56 0.03 0.83 9.55 -0.03 0.89 9.76		
-0.23 0.00 -0.19 -5.19 0.06 -0.19 -0.06 0.10 -0.04 -0.18 -6.19 10.00 -20.75 0.01 0.87 9.54 -0.03 0.89 9.76		
-0.22 0.00 -0.19 -5.19 0.00 0.31 -0.12 0.02 -0.03 -0.30 -6.19 10.25 -20.75 -0.01 0.85 9.46 -0.03 0.89 9.76		
-0.19 0.00 -0.19 -5.19 0.19 0.75 -0.06 -0.19 -0.08 -0.53 -6.19 10.69 -20.69 -0.23 0.80 9.22 -0.04 0.89 9.76		
-0.22 0.00 -0.19 -5.19 0.06 0.50 0.00 -0.17 -0.03 -0.47 -6.19 10.00 -21.19 -0.18 0.86 9.21 -0.04 0.89 9.76		
-0.22 0.00 -0.19 -5.19 0.06 -0.37 0.00 0.05 -0.01 -0.23 -6.19 10.00 -20.00 0.00 0.88 9.53 -0.04 0.89 9.76		
-0.22 0.00 -0.19 -5.19 0.12 0.00 0.00 0.17 -0.01 -0.05 -6.56 9.56 -21.19 0.13 0.88 9.71 -0.04 0.89 9.76		
-0.23 0.00 -0.19 -5.19 0.00 0.25 0.00 0.17 0.01 -0.13 -6.19 10.25 -20.75 0.05 0.86 9.57 -0.04 0.89 9.76		
-0.24 0.00 -0.19 -5.19 0.06 0.44 -0.06 0.01 0.00 -0.23 -6.19 8.75 -20.37 -0.02 0.88 9.53 -0.04 0.89 9.76		
-0.24 0.00 -0.19 -5.19 -0.06 0.19 0.00 -0.01 -0.02 -0.30 -6.56 9.56 -21.19 -0.05 0.86 9.46 -0.04 0.89 9.76		
-0.27 0.00 -0.19 -5.19 -0.06 -0.19 0.06 -0.01 -0.02 -0.28 -5.75 10.00 -20.37 -0.05 0.86 9.48 -0.04 0.89 9.76		
-0.26 0.00 -0.19 -5.19 0.00 -0.19 0.00 0.01 -0.01 -0.22 -6.88 10.00 -20.00 -0.02 0.87 9.54 -0.04 0.89 9.76		
-0.27 0.00 -0.19 -5.19 0.00 -0.37 -0.06 0.08 -0.02 -0.23 -6.88 10.00 -21.56 0.09 0.86 9.62 -0.04 0.89 9.76		
-0.28 0.00 -0.19 -5.19 0.00 -0.12 0.19 0.14 -0.03 -0.17 -6.19 9.56 -20.00 0.10 0.85 9.59 -0.04 0.89 9.76		
-0.29 0.00 -0.19 -5.19 0.12 0.12 0.00 0.04 -0.02 -0.24 -6.56 10.69 -20.37 0.00 0.86 9.51 -0.04 0.89 9.76		
-0.31 0.00 -0.19 -5.19 0.00 0.06 -0.06 0.00 -0.06 -0.33 -5.75 10.25 -19.56 -0.04 0.84 9.42 -0.04 0.89 9.76		
-0.33 0.00 -0.19 -5.19 -0.06 0.12 -0.06 0.01 -0.08 -0.33 -6.88 10.00 -21.56 -0.02 0.80 9.42 -0.04 0.89 9.76		
-0.37 0.00 -0.19 -5.19 0.00 -0.12 -0.06 -0.03 -0.07 -0.44 -5.75 10.00 -21.56 -0.08 0.81 9.31 -0.04 0.89 9.76		
-0.38 0.00 -0.19 -5.19 0.19 -0.06 -0.12 0.04 -0.05 -0.32 -7.25 10.25 -20.37 0.00 0.83 9.44 -0.04 0.89 9.76		
-0.40 0.00 -0.19 -5.19 0.00 -0.12 -0.06 0.11 -0.02 -0.22 -6.19 10.00 -20.37 0.07 0.87 9.54 -0.04 0.89 9.76		
-0.41 0.00 -0.19 -5.19 0.00 0.50 0.00 0.06 -0.02 -0.16 -6.56 10.00 -20.00 0.01 0.86 9.60 -0.04 0.89 9.76		
-0.44 0.00 -0.19 -5.19 0.06 0.37 -0.06 0.03 -0.05 -0.21 -6.19 10.69 -21.19 -0.07 0.86 9.43 -0.04 0.89 9.76		
-0.43 0.00 -0.19 -5.19 0.06 0.00 -0.12 0.01 0.00 -0.24 -6.19 9.56 -21.19 -0.02 0.88 9.52 -0.04 0.89 9.76		
-0.45 0.00 -0.19 -5.19 0.06 -0.37 -0.19 0.11 0.00 -0.13 -6.19 9.19 -22.00 0.07 0.89 9.62 -0.04 0.89 9.76		
-0.47 0.00 -0.19 -5.19 0.12 -0.19 -0.19 0.12 -0.11 -0.11 -5.75 10.00 -20.75 0.06 0.80 9.58 -0.04 0.89 9.76		
-0.46 0.00 -0.19 -5.19 -0.12 0.06 -0.06 0.00 -0.10 -0.22 -6.19 10.25 -22.00 -0.03 0.78 9.53 -0.04 0.89 9.76		
-0.45 0.00 -0.19 -5.19 -0.12 -0.12 -0.19 0.03 -0.07 -0.22 -6.56 10.00 -20.37 0.00 0.81 9.54 -0.04 0.89 9.76		
-0.47 0.00 -0.19 -5.19 0.06 -0.50 -0.56 0.24 -0.63 0.08 -7.69 9.56 -21.19 0.20 0.25 9.84 -0.04 0.88 9.76		
-0.45 0.00 -0.19 -5.19 0.12 -0.56 -1.19 0.19 -0.50 0.06 -6.19 10.00 -20.37 0.14 0.38 9.83 -0.04 0.88 9.76		
-0.45 0.00 -0.25 -5.19 0.00 -0.06 -0.50 0.10 0.18 -0.04 -6.88 8.75 -21.19 0.11 0.38 9.77 -0.04 0.88 9.76		
-0.45 0.00 -0.25 -5.19 0.12 -0.06 -0.56 0.01 0.06 -0.15 -6.19 10.25 -20.37 -0.03 0.95 9.61 -0.04 0.88 9.76		
-0.46 0.00 -0.25 -5.19 -0.06 2.06 -0.50 -0.17 -0.10 -0.80 -6.88 10.25 -21.19 -0.22 0.78 8.95 -0.05 0.88 9.76		
-0.46 0.00 -0.25 -5.19 -0.12 2.63 0.44 -0.57 -0.03 -0.86 -6.56 10.00 -20.37 -0.92 1.01 8.75 -0.05 0.88 9.76		
-0.45 0.00 -0.25 -5.19 0.00 0.94 0.12 -0.84 -0.14 -1.16 -6.19 10.00 -21.19 -0.90 0.74 8.59 -0.05 0.88 9.76		
-0.43 0.00 -0.31 -5.19 0.06 0.44 -0.75 -0.71 -0.36 -1.12 -6.88 10.00 -21.19 -0.76 0.52 8.64 -0.05 0.88 9.76		
-0.39 0.00 -0.25 -5.19 -0.06 -0.75 -0.37 0.20 -0.32 -0.32 -5.75 10.25 -19.19 0.15 0.56 9.43 -0.05 0.88 9.76		
-0.36 0.00 -0.25 -5.19 0.00 -1.50 -0.19 0.47 0.19 0.20 -8.00 10.69 -19.56 0.43 1.08 9.97 -0.04 0.88 9.76		
-0.32 0.00 -0.19 -5.19 0.19 -1.69 0.12 0.85 -0.20 0.32 -6.75 10.69 -20.00 0.99 1.09 10.73 -0.03 0.88 9.76		
-0.31 0.00 -0.25 -5.19 0.06 -0.56 -0.50 0.21 -0.11 0.04 -6.50 10.69 -21.56 0.16 0.77 9.81 -0.04 0.89 9.76		
-0.29 0.00 -0.25 -5.19 -0.06 0.63 -0.37 0.08 -0.51 -0.23 -6.06 9.56 -20.00 0.03 0.37 9.52 -0.05 0.89 9.76		
-0.30 0.00 -0.31 -5.19 0.06 1.50 -0.63 -0.04 -0.44 -0.51 -7.19 10.25 -22.00 -0.09 0.45 9.24 -0.05 0.89 9.76		
-0.31 0.00 -0.31 -5.19 0.06 1.37 -0.37 -0.39 -0.36 -0.82 -6.50 10.00 -20.69 -0.45 0.52 8.93 -0.05 0.89 9.76		
-0.32 0.00 -0.31 -5.19 0.00 0.44 -0.19 -0.24 -0.18 -0.78 -5.69 10.00 -20.75 -0.30 0.70 8.97 -0.05 0.89 9.76		
-0.28 0.00 -0.31 -5.19 -0.06 -0.25 0.06 -0.10 0.17 -0.27 -6.50 10.25 -20.00 -0.09 0.95 9.46 -0.05 0.89 9.76		
-0.28 0.00 -0.31 -5.19 0.00 0.81 0.44 -0.17 0.48 -0.53 -6.75 10.25 -21.56 -0.22 1.37 9.23 -0.05 0.89 9.76		
-0.29 0.00 -0.31 -5.19 -0.25 0.37 0.94 -0.28 0.67 -0.57 -6.06 10.25 -21.56 -0.33 1.56 9.19 -0.05 0.89 9.76	
-0.32 0.00 -0.31 -5.19 0.06 -1.56 0.63 0.32 0.13 0.11 -6.75 10.00 -21.87 0.26 1.02 9.87 -0.05 0.89 9.76		
-0.31 0.00 -0.31 -5.19 0.12 -0.31 -0.06 0.38 -0.47 -0.36 -6.75 10.00 -21.19 0.29 1.20 10.16 -0.05 0.89 9.76		
-0.28 0.00 -0.31 -5.19 0.06 -0.31 0.12 0.10 0.01 -0.16 -6.56 10.00 -20.00 0.04 0.90 9.60 -0.05 0.89 9.76		
-0.29 0.00 -0.37 -5.19 -0.06 0.69 -0.19 -0.08 -0.76 0.08 -6.56 10.00 -20.37 -0.14 0.12 9.84 -0.06 0.89 9.76		
-0.29 0.00 -0.37 -5.19 0.00 -0.88 -1.00 0.17 -0.52 -0.22 -6.88 10.00 -22.69 0.11 0.36 9.54 -0.06 0.89 9.76		
-0.32 0.00 -0.37 -5.19 -0.12 1.88 -0.69 -0.48 -0.64 -0.14 -6.56 10.25 -19.56 -0.55 0.24 9.62 -0.06 0.89 9.76		
-0.32 0.00 -0.37 -5.19 -0.37 -1.00 -1.88 -0.91 -0.05 -0.96 -6.56 10.00 -19.50 -0.98 0.83 8.79 -0.06 0.88 9.76		
-0.36 0.00 -0.37 -5.19 0.19 -1.19 -0.19 -0.52 0.92 -1.03 -6.56 10.69 -21.87 0.05 0.99 9.63 -0.06 0.88 9.76		
-0.39 0.00 -0.37 -5.19 -0.06 -1.50 0.94 0.00 0.70 0.28 -7.25 9.56 -21.50 -0.06 1.59 10.05 -0.06 0.88 9.76		
-0.40 0.00 -0.31 -5.19 0.00 -1.56 0.94 0.17 0.86 0.21 -7.25 10.25 -21.50 0.11 1.75 9.98 -0.06 0.88 9.76		
-0.41 0.00 -0.37 -5.19 0.06 -0.44 0.88 0.26 0.14 -0.40 -6.19 9.56 -22.25 0.19 1.03 9.36 -0.06 0.88 9.76		
-0.41 0.00 -0.37 -5.19 -0.06 0.50 0.25 0.16 0.04 -0.52 -6.56 9.19 -20.25 0.09 0.93 9.23 -0.06 0.88 9.76		
-0.41 0.06 -0.31 -5.19 0.06 1.00 0.44 -0.09 -0.11 -0.77 -7.25 10.69 -21.87 -0.15 0.77 8.98 -0.06 0.88 9.76		
-0.42 0.06 -0.37 -5.19 0.06 0.88 -0.12 -0.07 -0.46 -0.73 -6.56 9.56 -21.50 -0.22 0.74 8.99 -0.06 0.88 9.76		
-0.44 0.06 -0.37 -5.19 -0.06 -0.06 -0.12 0.00 -0.28 -0.62 -6.88 10.25 -21.50 -0.07 0.60 9.13 -0.06 0.88 9.76		
-0.44 0.06 -0.37 -5.19 0.06 0.00 -0.56 0.12 -0.28 -0.14 -7.25 10.00 -20.69 0.05 0.60 9.62 -0.06 0.88 9.76		
-0.44 0.06 -0.37 -5.19 0.00 -0.25 -0.63 0.33 -0.26 -0.07 -7.25 9.56 -21.06 0.26 0.62 9.68 -0.06 0.88 9.76		
-0.45 0.06 -0.37 -5.19 0.06 0.44 -0.37 0.18 -0.25 0.09 -6.88 9.56 -20.69 0.11 0.63 9.85 -0.06 0.88 9.76		
-0.45 0.06 -0.37 -5.19 0.12 0.19 -0.19 0.10 -0.04 0.12 -6.88 9.56 -20.69 -0.09 0.65 9.46 -0.06 0.88 9.76		
-0.44 0.06 -0.37 -5.19 -0.06 -0.06 -0.19 -0.03 -0.14 -0.08 -6.88 10.00 -21.06 -0.10 0.74 9.67 -0.06 0.88 9.76		
-0.44 0.06 -0.37 -5.19 0.06 -0.50 -0.19 -0.02 0.00 -0.06 -6.56 10.25 -20.25 -0.03 0.86 9.78 -0.06 0.89 9.76		
-0.43 0.06 -0.37 -5.19 0.00 -0.50 -0.06 0.09 0.02 -0.05 -6.56 9.56 -20.25 0.03 0.91 9.71 -0.06 0.89 9.76		
-0.46 0.06 -0.31 -5.19 -0.06 -0.44 -0.12 0.17 0.03 0.00 -6.56 10.00 -21.06 0.11 0.92 9.75 -0.06 0.89 9.76		
-0.43 0.06 -0.31 -5.19 0.00 0.06 0.06 0.15 0.04 -0.24 -8.00 9.19 -19.87 0.05 0.89 9.66 -0.06 0.89 9.76		
-0.44 0.06 -0.31 -5.19 0.00 0.25 0.00 0.05 0.02 -0.29 -6.56 10.69 -20.25 0.00 0.91 9.47 -0.06 0.89 9.76		
-0.44 0.06 -0.31 -5.19 -0.12 0.12 0.00 0.02 -0.02 -0.48 -6.56 10.25 -19.87 -0.03 0.86 9.27 -0.06 0.89 9.76		
-0.45 0.06 -0.31 -5.19 -0.19 0.44 0.06 -0.03 0.00 -0.50 -7.25 9.56 -20.69 -0.07 0.88 9.33 -0.05 0.89 9.76		
-0.45 0.06 -0.31 -5.19 0.00 0.31 0.06 0.00 0.00 -0.45 -7.69 10.00 -20.25 -0.05 0.88 9.31 -0.05 0.89 9.76		
-0.45 0.06 -0.31 -5.19 -0.06 0.06 0.06 0.05 0.00 -0.28 -8.38 11.06 -21.06 0.00 0.88 9.48 -0.05 0.88 9.76		
-0.45 0.06 -0.31 -5.19 -0.06 -0.12 0.00 0.11 0.00 -0.10 -7.25 10.69 -21.50 0.06 0.88 9.65 -0.05 0.88 9.76		
-0.45 0.06 -0.31 -5.19 -0.06 -0.19 -0.06 0.08 0.01 -0.17 -7.69 12.19 -22.25 0.03 0.90 9.59 -0.05 0.88 9.76		
-0.45 0.06 -0.31 -5.19 -0.12 0.12 0.06 0.04 0.00 -0.13 -6.88 11.75 -22.25 0.00 0.89 9.63 -0.05 0.88 9.76		
-0.44 0.06 -0.31 -5.19 -0.06 0.06 0.06 0.00 -0.03 -0.21 -6.88 11.75 -22.56 -0.08 0.87 9.51 -0.05 0.88 9.76		
-0.45 0.06 -0.31 -5.19 0.12 -0.12 0.00 0.00 -0.01 -0.17 -6.19 12.19 -23.50 -0.05 0.87 9.59 -0.05 0.88 9.76		
-0.47 0.06 -0.31 -5.19 0.00 -0.37 0.12 0.03 0.00 -0.21 -5.75 12.50 -22.56 -0.02 0.88 9.55 -0.05 0.88 9.76		
-0.46 0.06 -0.31 -5.19 -0.12 -0.25 0.12 0.06 -0.06 -0.27 -5.50 12.19 -22.25 0.02 0.87 9.58 -0.05 0.88 9.76		
-0.48 0.06 -0.31 -5.19 0.00 -0.44 0.06 0.11 0.07 -0.05 -6.19 11.75 -22.56 0.05 0.96 9.71 -0.05 0.88 9.76		
-0.49 0.06 -0.31 -5.19 -0.12 -0.19 0.25 0.08 0.09 -0.04 -6.56 11.06 -21.50 0.02 0.98 9.72 -0.05 0.88 9.76		
-0.52 0.06 -0.31 -5.19 -0.12 -0.12 0.12 0.01 0.02 -0.16 -6.56 10.25 -22.25 -0.04 0.90 9.60 -0.05 0.88 9.76		
-0.53 0.06 -0.25 -5.19 0.12 0.06 -0.19 0.11 0.02 -0.12 -6.56 11.06 -20.25 0.06 0.91 9.63 -0.05 0.88 9.76		
-0.51 0.06 -0.25 -5.19 0.06 0.12 0.12 -0.02 -0.03 -0.28 -6.56 11.06 -21.50 -0.07 0.91 9.56 -0.05 0.88 9.76		
-0.54 0.06 -0.31 -5.19 0.06 -0.12 0.00 -0.07 0.02 -0.22 -6.88 11.06 -22.25 -0.12 0.91 9.53 -0.05 0.88 9.76		
-0.54 0.06 -0.31 -5.19 0.19 -0.50 0.06 0.02 -0.04 -0.22 -6.56 10.25 -21.50 -0.02 0.84 9.53 -0.05 0.88 9.76		
-0.54 0.06 -0.31 -5.19 0.00 -0.50 -0.06 0.08 -0.12 -0.26 -6.88 10.25 -21.87 0.11 0.89 9.75 -0.05 0.88 9.76		
-0.52 0.06 -0.31 -5.19 0.00 -0.19 0.06 0.16 -0.06 -0.11 -6.19 10.69 -21.06 0.11 0.82 9.65 -0.05 0.88 9.76		
-0.51 0.06 -0.31 -5.19 -0.06 -0.25 0.06 0.09 0.14 -0.25 -6.56 10.00 -21.87 0.04 1.03 9.50 -0.05 0.88 9.76		
-0.53 0.06 -0.31 -5.19 0.00 0.44 0.25 -0.02 0.09 -0.45 -6.19 9.56 -21.50 -0.09 1.08 9.42 -0.05 0.88 9.76		
-0.53 0.06 -0.31 -5.19 -0.06 0.19 0.25 0.00 0.16 -0.39 -6.88 10.25 -21.50 -0.04 1.05 9.36 -0.05 0.88 9.76		
-0.52 0.06 -0.31 -5.19 -0.06 0.31 0.19 0.02 0.01 -0.37 -6.56 10.25 -21.87 -0.02 0.90 9.39 -0.05 0.88 9.76		
-0.51 0.06 -0.31 -5.19 0.19 -0.06 0.12 0.09 -0.13 -0.23 -6.19 10.00 -20.25 0.03 0.90 9.44 -0.05 0.88 9.76		
-0.53 0.06 -0.31 -5.19 0.12 0.31 0.31 0.07 -0.01 -0.30 -6.56 10.25 -20.25 0.02 0.87 9.45 -0.05 0.88 9.76		
-0.52 0.06 -0.31 -5.19 -0.06 0.12 -0.06 0.06 -0.11 -0.26 -6.56 10.00 -20.69 0.01 0.77 9.50 -0.05 0.88 9.76		
-0.50 0.06 -0.31 -5.19 0.00 0.00 -0.06 0.04 -0.10 -0.22 -5.75 9.56 -20.25 0.00 0.78 9.54 -0.05 0.88 9.76		
-0.49 0.06 -0.31 -5.19 0.06 0.06 0.06 0.03 -0.11 -0.17 -6.88 10.00 -21.06 -0.01 0.77 9.59 -0.05 0.88 9.76		
-0.49 0.06 -0.31 -5.19 0.06 -0.25 0.06 0.06 -0.09 -0.11 -7.00 10.00 -20.69 0.01 0.78 9.56 -0.05 0.88 9.76		
-0.49 0.06 -0.31 -5.19 -0.06 -0.25 -0.12 0.08 -0.10 -0.11 -6.56 10.25 -21.06 0.03 0.78 9.65 -0.05 0.88 9.76		
-0.49 0.06 -0.31 -5.19 0.06 0.19 -0.12 0.10 -0.05 -0.16 -6.19 10.00 -20.69 0.05 0.83 9.60 -0.05 0.88 9.76		
-0.50 0.06 -0.31 -5.19 0.00 -0.12 -0.06 0.04 -0.01 -0.28 -5.75 10.25 -20.25 -0.03 0.83 9.54 -0.05 0.88 9.76		
-0.52 0.06 -0.31 -5.19 0.06 0.00 -0.19 -0.01 -0.05 -0.24 -6.19 10.00 -19.87 -0.06 0.83 9.51 -0.05 0.88 9.76		
-0.52 0.06 -0.31 -5.19 0.00 -0.31 -0.06 -0.01 0.07 -0.36 -5.75 10.69 -20.69 -0.01 0.87 9.58 -0.05 0.88 9.76		
-0.52 0.06 -0.31 -5.19 0.00 -0.19 0.00 0.08 0.07 -0.21 -6.56 9.56 -20.25 0.02 0.96 9.54 -0.05 0.88 9.76		
-0.50 0.06 -0.31 -5.19 -0.06 -0.37 0.00 0.12 0.02 -0.17 -7.25 10.69 -21.50 0.07 0.91 9.59 -0.05 0.88 9.76		
-0.48 0.06 -0.31 -5.19 -0.12 0.00 0.12 -0.01 0.05 -0.45 -6.56 10.25 -20.69 -0.06 0.94 9.30 -0.05 0.88 9.76		
-0.50 0.06 -0.31 -5.19 0.00 1.12 0.31 -0.15 0.17 -0.67 -5.50 10.00 -20.69 -0.21 1.06 9.08 -0.05 0.88 9.76		
-0.48 0.06 -0.31 -5.19 0.12 0.88 0.19 -0.33 0.10 -0.91 -5.75 10.00 -21.50 -0.40 0.99 8.84 -0.06 0.88 9.76		
-0.46 0.06 -0.31 -5.19 -0.06 0.19 0.00 -0.21 0.00 -0.57 -6.88 10.69 -21.06 -0.27 0.89 9.19 -0.05 0.88 9.76		
-0.45 0.06 -0.31 -5.19 0.00 -0.44 0.06 0.08 0.01 -0.23 -6.56 10.25 -21.50 0.02 0.90 9.53 -0.05 0.88 9.76		
-0.46 0.06 -0.31 -5.19 0.00 -0.44 0.06 0.26 -0.07 0.11 -6.56 10.00 -21.50 0.20 0.81 9.87 -0.05 0.88 9.76		
-0.46 0.06 -0.31 -5.19 0.12 -0.44 -0.06 0.30 -0.08 0.19 -6.88 9.56 -21.06 0.19 0.87 9.76 -0.05 0.88 9.76		
-0.47 0.06 -0.31 -5.19 0.00 -0.19 -0.06 0.14 -0.08 -0.01 -7.25 10.69 -21.50 0.08 0.80 9.74 -0.05 0.88 9.76		
-0.49 0.06 -0.31 -5.19 0.06 0.44 -0.12 0.00 -0.09 -0.20 -5.75 10.25 -20.25 -0.06 0.79 9.55 -0.06 0.88 9.76		
-0.48 0.06 -0.31 -5.19 0.00 0.19 -0.12 -0.08 -0.06 -0.39 -6.88 10.25 -21.87 -0.18 0.82 9.50 -0.05 0.88 9.76		
-0.46 0.06 -0.31 -5.19 0.00 -0.25 -0.06 -0.04 -0.08 -0.25 -7.69 9.56 -21.06 -0.10 0.79 9.50 -0.05 0.88 9.76		
-0.46 0.06 -0.25 -5.19 0.06 -0.56 -0.06 0.08 -0.06 -0.24 -6.56 8.75 -20.25 0.06 0.82 9.65 -0.05 0.88 9.76		
-0.45 0.06 -0.25 -5.19 0.06 -0.44 -0.06 0.17 -0.04 -0.17 -6.19 10.25 -21.06 0.12 0.84 9.59 -0.05 0.88 9.76		
-0.42 0.06 -0.25 -5.19 0.00 0.19 -0.06 0.15 -0.02 -0.17 -6.88 10.00 -21.06 0.10 0.86 9.59 -0.05 0.88 9.76		
-0.41 0.06 -0.25 -5.19 0.00 0.25 0.06 0.06 -0.01 -0.28 -5.50 10.25 -21.06 -0.04 0.84 9.42 -0.04 0.88 9.76		
-0.39 0.06 -0.25 -5.19 0.06 0.25 0.06 -0.05 0.00 -0.37 -6.56 10.25 -20.25 -0.10 0.88 9.39 -0.04 0.88 9.76		
-0.40 0.06 -0.25 -5.19 0.00 0.00 -0.06 -0.06 -0.02 -0.39 -6.19 8.75 -19.87 -0.11 0.86 9.37 -0.04 0.88 9.76		
-0.39 0.06 -0.25 -5.19 0.00 0.06 -0.06 -0.02 0.01 -0.29 -6.19 9.56 -21.06 -0.06 0.90 9.47 -0.04 0.88 9.76		
-0.42 0.06 -0.25 -5.19 -0.19 -0.12 0.12 0.05 0.00 -0.23 -5.75 10.25 -20.25 0.04 0.91 9.55 -0.04 0.88 9.76		
-0.42 0.06 -0.19 -5.19 -0.06 -0.37 0.06 0.13 0.00 -0.14 -6.56 9.19 -19.87 0.09 0.89 9.62 -0.04 0.88 9.76		
-0.48 0.06 -0.19 -5.19 0.00 -0.19 0.06 0.20 0.00 0.04 -5.50 10.00 -20.00 0.16 0.89 9.80 -0.04 0.88 9.76		
-0.48 0.06 -0.25 -5.19 -0.06 -0.06 0.06 0.17 -0.06 0.03 -6.88 10.00 -19.06 0.03 0.86 9.74 -0.04 0.88 9.76		
-0.46 0.06 -0.19 -5.19 0.06 0.06 0.06 -0.04 0.01 -0.22 -7.00 10.25 -21.50 -0.09 0.90 9.53 -0.04 0.88 9.76		
-0.46 0.06 -0.25 -5.19 -0.06 0.06 -0.12 -0.16 -0.05 -0.43 -6.19 10.25 -20.69 -0.20 0.83 9.33 -0.04 0.88 9.76		
-0.45 0.06 -0.25 -5.19 0.06 0.00 -0.06 0.01 -0.02 -0.22 -6.19 9.19 -21.06 -0.02 0.86 9.54 -0.04 0.88 9.76		
-0.43 0.06 -0.19 -5.19 -0.12 -0.63 -0.06 0.11 -0.05 -0.22 -6.56 9.19 -20.69 0.07 0.83 9.53 -0.04 0.88 9.76		
-0.40 0.06 -0.19 -5.19 -0.12 -0.19 -0.12 0.16 -0.04 -0.15 -6.88 10.00 -20.69 0.11 0.85 9.63 -0.04 0.88 9.76		
-0.44 0.06 -0.19 -5.19 0.06 0.06 0.00 0.08 -0.04 -0.26 -6.88 10.00 -21.06 0.04 0.84 9.50 -0.04 0.88 9.76		
-0.45 0.06 -0.19 -5.19 0.06 0.50 0.00 -0.01 -0.05 -0.34 -6.56 9.56 -20.69 -0.05 0.83 9.42 -0.04 0.88 9.76		
-0.44 0.06 -0.19 -5.19 0.06 0.44 0.06 -0.09 0.00 -0.40 -6.88 9.19 -19.87 -0.12 0.86 9.35 -0.04 0.88 9.76		
-0.42 0.06 -0.19 -5.19 0.00 -0.12 -0.06 0.01 -0.01 -0.29 -6.56 10.00 -21.87 -0.02 0.87 9.47 -0.04 0.88 9.76		
-0.44 0.06 -0.19 -5.19 0.06 -0.06 -0.06 0.06 -0.01 -0.23 -7.25 10.00 -21.50 0.02 0.87 9.53 -0.04 0.88 9.76		
-0.43 0.06 -0.19 -5.19 0.12 -0.19 0.06 0.13 0.00 -0.15 -5.75 10.25 -21.06 0.09 0.88 9.61 -0.04 0.88 9.76		
-0.39 0.06 -0.19 -5.19 -0.06 0.19 0.00 0.09 0.00 -0.15 -5.50 8.75 -21.06 0.05 0.89 9.61 -0.04 0.88 9.76		
-0.38 0.06 -0.19 -5.19 0.19 0.19 0.12 0.04 0.00 -0.24 -6.56 10.00 -20.69 0.00 0.88 9.52 -0.04 0.88 9.76		
-0.38 0.06 -0.19 -5.19 0.12 -0.12 -0.06 -0.03 -0.03 -0.31 -6.19 10.00 -21.50 -0.07 0.88 9.44 -0.04 0.88 9.76		
-0.35 0.06 -0.19 -5.19 -0.06 -0.44 0.19 0.11 -0.02 -0.11 -6.56 10.00 -20.69 0.07 0.86 9.65 -0.03 0.88 9.76		
-0.28 0.06 -0.19 -5.19 0.06 0.50 0.00 -0.02 -0.02 -0.31 -7.25 9.56 -20.69 -0.06 0.86 9.45 -0.04 0.88 9.76		
-0.24 0.06 -0.25 -5.19 -0.06 0.19 -0.12 0.03 -0.04 -0.22 -7.00 10.00 -20.69 0.02 0.83 9.55 -0.04 0.88 9.76		
-0.24 0.06 -0.25 -5.19 0.00 0.06 0.06 0.12 -0.02 -0.16 -6.88 9.56 -20.69 0.07 0.86 9.60 -0.04 0.88 9.76		
-0.26 0.06 -0.25 -5.19 -0.06 0.25 -0.06 0.09 -0.04 -0.18 -6.56 10.00 -21.50 0.05 0.84 9.57 -0.04 0.88 9.76		
-0.24 0.06 -0.25 -5.19 -0.12 0.19 0.00 0.17 -0.03 -0.39 -5.75 9.56 -22.25 0.12 0.85 9.37 -0.04 0.88 9.76		
-0.21 0.06 -0.25 -5.19 -0.12 0.75 0.00 0.12 0.01 -0.28 -5.75 10.00 -20.69 0.07 0.90 9.48 -0.04 0.88 9.76		
-0.20 0.06 -0.25 -5.19 -0.06 0.75 -0.06 0.04 0.00 -0.12 -6.56 9.19 -21.87 -0.02 0.71 9.39 -0.05 0.88 9.76		
-0.23 0.06 -0.25 -5.19 -0.06 0.69 0.00 -0.10 0.03 -0.39 -6.56 10.25 -20.69 -0.16 0.91 9.37 -0.05 0.88 9.76		
-0.19 0.06 -0.31 -5.19 0.00 0.25 0.06 -0.03 0.01 -0.16 -5.75 10.25 -20.69 -0.09 0.90 9.60 -0.05 0.88 9.76		
-0.16 0.06 -0.31 -5.19 -0.06 -0.25 0.00 0.10 -0.03 0.04 -6.56 10.25 -19.87 0.01 0.95 9.84 -0.05 0.88 9.76		
-0.16 0.06 -0.31 -5.19 -0.12 -0.19 0.19 0.04 0.04 -0.04 -6.56 10.00 -20.69 -0.01 0.93 9.72 -0.05 0.88 9.76		
-0.16 0.06 -0.31 -5.19 -0.06 -0.19 0.06 0.07 -0.06 -0.13 -7.00 9.56 -21.06 0.00 0.94 9.76 -0.06 0.88 9.76		
-0.15 0.06 -0.31 -5.19 -0.12 0.00 -0.06 0.03 0.01 -0.15 -6.56 10.69 -20.25 -0.02 0.90 9.61 -0.06 0.88 9.76		
-0.15 0.06 -0.31 -5.19 0.00 -0.19 0.00 0.06 -0.07 -0.35 -6.56 10.00 -20.25 0.00 0.80 9.40 -0.06 0.88 9.76		
-0.16 0.06 -0.31 -5.19 -0.12 0.19 -0.19 0.04 -0.12 -0.46 -6.19 10.25 -20.25 0.02 0.83 9.57 -0.06 0.88 9.76		
-0.17 0.00 -0.63 -5.13 -0.25 0.63 1.25 0.64 0.94 -1.08 -5.50 10.00 -19.06 0.54 1.81 8.68 -0.10 0.87 9.76		
-0.17 0.00 -0.31 -5.13 0.06 2.25 0.00 1.36 0.08 0.72 -6.50 10.00 -19.50 1.30 0.96 10.48 -0.05 0.88 9.76		
-0.16 0.00 -0.31 -5.13 -0.06 2.31 0.12 0.99 0.04 1.07 -5.56 10.25 -21.19 0.93 0.93 10.84 -0.06 0.88 9.76		
-0.18 0.00 -0.37 -5.13 -0.06 -1.12 1.00 0.52 0.74 0.05 -5.56 10.00 -20.06 0.45 1.62 9.82 -0.06 0.88 9.76		
-0.20 0.06 -0.37 -5.13 0.06 0.63 0.75 0.17 -0.01 0.31 -6.00 10.25 -21.19 0.10 0.86 10.08 -0.07 0.88 9.76		
-0.20 0.06 -0.44 -5.13 0.25 0.37 -0.25 -0.38 -0.26 -0.06 -5.56 10.25 -20.37 -0.54 0.88 9.42 -0.07 0.88 9.76		
-0.19 0.06 -0.44 -5.13 0.37 -1.31 -1.12 0.00 -0.58 0.62 -6.00 10.25 -20.75 -0.07 0.29 10.39 -0.07 0.88 9.76		
-0.20 0.00 -0.44 -5.13 0.00 -1.12 -0.50 -0.04 0.03 -0.38 -6.00 10.25 -20.06 -0.13 0.91 9.38 -0.08 0.87 9.76		
-0.24 0.06 -0.50 -5.13 -0.06 0.06 0.25 0.00 0.47 -1.03 -5.56 10.00 -20.37 0.13 1.06 9.45 -0.08 0.87 9.76	
-0.27 0.06 -0.50 -5.13 -0.19 1.12 0.56 0.17 0.37 -0.76 -5.56 10.25 -21.56 0.05 1.12 9.19 -0.09 0.87 9.76
-0.33 0.06 -0.56 -5.13 -0.06 1.06 0.19 -0.06 -0.07 -0.23 -6.38 9.19 -20.75 -0.16 0.79 9.53 -0.10 0.87 9.76		
-0.36 0.06 -0.56 -5.13 -0.06 -0.19 -0.06 0.02 0.09 -0.30 -6.00 10.00 -20.00 -0.07 0.97 9.45 -0.10 0.87 9.76		
-0.38 0.06 -0.63 -5.13 -0.19 -0.19 0.06 0.19 -0.10 0.07 -6.75 10.00 -20.75 0.08 0.77 9.84 -0.10 0.87 9.76		
-0.43 0.06 -0.69 -5.13 0.06 -0.25 -0.50 0.05 -0.45 -0.18 -6.38 10.00 -20.06 -0.06 0.42 9.57 -0.11 0.87 9.76		
-0.46 0.06 -0.69 -5.13 -0.12 0.75 -0.25 -0.05 -0.09 -0.44 -5.56 10.00 -21.19 -0.18 0.78 9.32 -0.12 0.87 9.76		
-1.00 0.06 -0.69 -5.13 0.12 -0.81 0.00 -0.05 -0.07 -0.24 -6.75 10.00 -20.37 -0.17 0.80 9.52 -0.12 0.87 9.76		
-2.66 0.06 -0.69 -5.13 0.06 -0.50 -0.37 0.17 -0.22 -0.08 -6.38 10.25 -21.19 0.04 0.65 9.68 -0.12 0.87 9.76		
-3.40 0.06 -0.69 -5.13 -0.19 -0.31 -0.06 0.50 -0.29 -0.34 -6.00 9.56 -21.19 0.37 0.57 9.42 -0.12 0.87 9.76		
-4.30 0.06 -0.75 -5.13 0.06 -0.88 -0.12 0.27 -0.21 0.30 -5.56 10.25 -21.19 0.14 0.66 10.07 -0.13 0.87 9.76		
-5.31 0.06 -0.75 -5.13 -0.06 0.56 -0.25 0.09 -0.13 -0.40 -5.56 10.25 -19.50 -0.06 0.81 9.73 -0.13 0.87 9.76		
-5.72 0.06 -0.75 -5.13 0.00 0.00 -0.19 -0.03 -0.11 -0.58 -6.38 10.25 -20.69 -0.17 0.76 9.18 -0.13 0.87 9.76		
-5.72 0.06 -0.81 -5.13 -0.19 0.56 -0.19 0.02 -0.11 -0.60 -6.38 9.56 -21.50 -0.11 0.76 9.16 -0.14 0.87 9.76		
-5.70 0.00 -0.81 -5.13 -0.12 0.63 0.06 0.16 -0.11 -0.47 -6.38 10.25 -21.50 0.01 0.76 9.28 -0.14 0.87 9.76		
-5.68 0.00 -0.81 -5.13 -0.12 0.44 -0.19 0.21 0.01 -0.49 -6.38 10.00 -21.50 0.07 0.89 9.27 -0.14 0.87 9.76		
-5.68 0.00 -0.81 -5.13 0.06 0.56 0.00 0.24 0.09 -0.27 -6.38 10.25 -20.69 0.04 0.79 9.29 -0.14 0.87 9.76		
-5.67 0.00 -0.81 -5.13 -0.12 0.81 -0.19 0.10 0.02 -0.48 -6.00 10.00 -20.25 -0.03 0.90 9.27 -0.14 0.87 9.76		
-5.70 0.00 -0.81 -5.13 0.00 0.63 0.00 0.05 0.11 -0.30 -6.00 10.00 -20.69 -0.08 0.99 9.45 -0.13 0.87 9.76		
-5.70 0.00 -0.75 -5.13 0.00 0.37 0.25 0.04 0.13 -0.30 -6.38 10.25 -20.69 -0.09 1.01 9.45 -0.13 0.87 9.76		
-5.67 0.00 -0.75 -5.13 -0.12 0.00 0.12 0.09 0.14 -0.20 -5.56 10.25 -21.50 -0.03 1.01 9.55 -0.13 0.87 9.76		
-5.66 0.00 -0.69 -5.13 -0.06 0.00 0.06 0.17 0.06 -0.08 -6.00 10.00 -21.06 0.04 0.94 9.68 -0.12 0.87 9.76		
-5.65 0.00 -0.69 -5.13 0.06 -0.25 0.19 0.18 -0.01 -0.06 -6.75 10.00 -19.06 0.06 0.92 9.73 -0.11 0.87 9.76		
-5.65 0.00 -0.63 -5.13 -0.12 0.12 0.12 0.10 0.03 -0.11 -6.38 10.00 -21.06 0.00 0.91 9.64 -0.11 0.87 9.76		
-5.12 0.00 -0.63 -5.13 -0.06 0.25 0.06 0.11 -0.06 -0.18 -6.38 9.56 -21.06 0.00 0.81 9.57 -0.10 0.87 9.76		
-3.49 0.00 -0.56 -5.13 -0.06 -1.56 0.81 -0.06 0.74 0.31 -6.38 10.25 -20.00 -0.16 1.62 10.07 -0.10 0.88 9.76		
-2.61 0.00 -0.56 -5.13 -0.06 -1.63 0.63 0.24 0.27 0.31 -6.38 10.00 -21.87 0.14 1.15 10.08 -0.10 0.88 9.76		
-1.90 0.00 -0.56 -5.13 0.06 -1.25 0.56 0.29 0.33 0.23 -6.06 10.69 -20.25 0.19 1.21 9.99 -0.10 0.88 9.76		
-1.01 0.00 -0.56 -5.13 0.06 -0.12 0.19 0.26 -0.09 -0.31 -5.38 9.56 -19.06 0.11 0.92 9.78 -0.10 0.88 9.76		
-0.60 0.00 -0.63 -5.13 -0.06 2.31 0.00 0.01 -0.09 -1.07 -6.50 9.19 -20.00 -0.09 0.78 8.69 -0.10 0.88 9.76		
-0.60 0.00 -0.56 -5.13 0.00 1.25 -0.12 -0.13 -0.35 -0.71 -6.50 9.56 -21.06 -0.23 0.52 9.05 -0.10 0.88 9.76		
-1.13 0.00 -0.56 -5.13 0.00 0.88 -0.25 -0.20 -0.24 -0.84 -6.50 10.00 -21.50 -0.30 0.63 8.92 -0.10 0.88 9.76		
-1.16 0.00 -0.56 -5.13 0.06 -1.25 -1.06 -0.42 -0.34 -0.89 -6.50 10.00 -20.69 -0.52 0.53 8.87 -0.10 0.88 9.76		
-1.17 0.00 -0.56 -5.13 0.12 -0.94 -0.44 -0.19 0.36 -0.63 -7.19 9.56 -20.25 0.30 0.40 9.73 -0.09 0.88 9.76		
-1.18 0.00 -0.56 -5.13 -0.25 -0.50 -3.44 -0.02 3.10 1.18 -6.88 9.56 -20.25 -0.12 3.98 10.95 -0.09 0.88 9.76		
-1.21 0.31 -0.63 -5.13 -0.31 1.12 -1.94 -0.11 -4.55 -1.27 -6.50 8.75 -20.69 -0.22 -3.67 8.49 -0.11 0.87 9.76		
-1.21 0.25 -0.63 -5.13 -0.06 2.56 -4.19 -0.28 -0.78 -1.25 -7.19 9.56 -20.25 -0.43 -1.36 8.37 -0.11 0.87 9.76		
-1.23 0.25 -0.63 -5.13 0.00 1.75 0.12 -0.50 1.87 -0.60 -5.38 9.19 -20.25 -0.46 0.01 8.56 -0.11 0.88 9.76		
-1.24 0.25 -0.63 -5.13 -0.12 0.25 0.37 -0.29 1.11 -0.63 -6.06 9.56 -20.25 -0.40 1.99 9.12 -0.10 0.88 9.76		
-1.25 0.25 -0.63 -5.13 0.00 -0.69 1.63 -0.06 1.10 -0.09 -6.88 10.25 -21.50 -0.17 1.98 9.66 -0.10 0.88 9.76		
-1.25 0.31 -0.63 -5.13 -0.12 -1.00 1.06 0.17 0.01 0.00 -6.50 10.00 -20.25 0.11 1.52 9.87 -0.10 0.88 9.76		
-1.23 0.31 -0.63 -5.13 -0.06 -0.75 0.81 0.33 0.35 0.17 -6.06 10.25 -21.06 0.22 1.23 9.94 -0.10 0.87 9.76		
-1.24 0.31 -0.63 -5.13 0.00 -0.31 0.06 0.30 -0.25 -0.02 -6.88 10.00 -21.87 0.20 0.62 9.74 -0.10 0.87 9.76		
-1.26 0.31 -0.63 -5.13 0.12 0.25 -0.56 0.23 -0.45 -0.21 -6.06 10.25 -21.50 0.04 0.54 9.54 -0.10 0.87 9.76		
-1.12 0.31 -0.63 -5.13 0.06 0.50 -0.37 0.07 -0.23 -0.34 -6.50 10.00 -21.06 -0.02 0.64 9.42 -0.10 0.87 9.76		
-1.11 0.31 -0.56 -5.13 0.00 0.37 -0.25 0.00 -0.09 -0.39 -6.50 8.75 -21.87 -0.10 0.78 9.37 -0.10 0.88 9.76		
-1.10 0.31 -0.56 -5.13 0.00 0.12 0.00 0.00 -0.06 -0.34 -6.06 10.00 -20.25 -0.09 0.81 9.41 -0.09 0.88 9.76		
-1.09 0.31 -0.50 -5.13 -0.06 -0.12 -0.12 0.02 0.09 -0.26 -6.50 10.00 -21.06 -0.07 0.97 9.50 -0.09 0.88 9.76		
-0.54 0.31 -0.50 -5.13 0.06 -0.25 0.06 0.06 0.08 -0.24 -6.06 10.00 -20.25 -0.02 0.96 9.52 -0.08 0.88 9.76		
-0.49 0.31 -0.44 -5.13 0.06 -0.06 0.12 0.14 0.03 -0.15 -6.06 8.75 -19.50 0.05 0.91 9.61 -0.08 0.88 9.76		
-0.48 0.31 -0.44 -5.13 0.00 -0.19 0.00 0.14 0.01 -0.18 -6.50 9.56 -19.50 0.06 0.89 9.57 -0.08 0.88 9.76		
-0.45 0.31 -0.44 -5.13 0.06 0.25 0.06 0.11 -0.07 -0.25 -5.38 10.00 -20.00 0.03 0.80 9.50 -0.07 0.88 9.76		
-0.42 0.31 -0.44 -5.13 -0.06 0.19 -0.06 0.10 -0.01 -0.23 -6.06 9.19 -20.00 -0.03 0.86 9.47 -0.07 0.88 9.76		
-0.38 0.31 -0.37 -5.13 -0.06 0.00 0.06 0.04 -0.01 -0.30 -6.50 10.00 -20.25 -0.03 0.86 9.46 -0.07 0.88 9.76		
-0.36 0.31 -0.37 -5.13 0.06 0.06 0.00 0.02 -0.03 -0.27 -6.50 10.25 -20.69 -0.05 0.84 9.49 -0.07 0.88 9.76		
-0.33 0.25 -0.50 -5.06 0.31 -0.94 -0.37 -0.41 0.01 -0.54 -6.75 9.56 -21.50 -0.45 0.66 9.41 -0.09 0.87 9.76		
-0.30 0.31 -0.44 -5.13 0.12 0.25 0.00 0.05 -0.10 -0.27 -6.88 9.56 -20.00 -0.01 0.77 9.49 -0.07 0.87 9.76		
-0.25 0.31 -0.37 -5.13 0.06 -0.88 -0.25 0.13 -0.04 0.00 -7.19 9.56 -20.25 0.06 0.82 9.77 -0.07 0.87 9.76		
-0.21 0.31 -0.37 -5.13 0.19 -0.81 -0.12 0.23 0.05 -0.05 -6.06 9.56 -20.69 0.25 0.76 9.91 -0.06 0.87 9.76		
-0.21 0.31 -0.37 -5.13 0.06 -0.06 -0.19 0.23 0.00 0.01 -5.69 9.56 -20.69 0.16 0.87 9.78 -0.06 0.87 9.76		
-0.22 0.31 -0.37 -5.13 0.06 0.25 -0.06 0.08 0.01 -0.26 -6.50 10.25 -21.87 0.00 0.89 9.50 -0.07 0.87 9.76		
-0.19 0.31 -0.37 -5.13 0.06 0.63 0.00 -0.08 -0.03 -0.43 -6.06 9.19 -20.25 -0.15 0.83 9.33 -0.07 0.87 9.76		
-0.19 0.31 -0.37 -5.13 -0.12 0.44 0.00 -0.13 0.01 -0.53 -6.06 9.56 -20.69 -0.20 0.89 9.22 -0.06 0.87 9.76		
-0.18 0.25 -0.37 -5.13 0.06 -0.19 0.06 -0.01 0.00 -0.42 -6.06 10.00 -20.25 -0.01 0.86 9.45 -0.06 0.87 9.76		
-0.21 0.25 -0.37 -5.13 0.06 0.06 0.00 0.10 0.03 -0.27 -6.06 9.56 -20.25 0.04 0.91 9.49 -0.06 0.87 9.76		
-0.27 0.25 -0.31 -5.13 0.06 -0.19 -0.12 0.16 0.03 -0.15 -7.19 8.75 -20.69 0.10 0.91 9.61 -0.06 0.87 9.76		
-0.30 0.25 -0.31 -5.13 0.06 0.25 0.19 0.14 0.02 -0.10 -6.50 9.56 -20.25 0.02 0.90 9.51 -0.05 0.87 9.76		
-0.31 0.25 -0.31 -5.13 0.00 0.25 0.06 0.08 -0.03 -0.17 -6.88 9.19 -19.50 -0.02 0.87 9.48 -0.05 0.87 9.76		
-0.31 0.25 -0.31 -5.13 0.00 0.31 0.06 0.00 -0.01 -0.30 -7.19 9.56 -20.00 -0.05 0.86 9.46 -0.05 0.87 9.76		
-0.33 0.25 -0.25 -5.13 0.06 0.06 0.06 -0.02 -0.01 -0.28 -6.50 9.56 -20.69 -0.08 0.86 9.48 -0.05 0.87 9.76		
-0.35 0.25 -0.25 -5.13 0.12 -0.12 0.00 -0.01 -0.03 -0.27 -6.50 10.00 -19.50 -0.06 0.84 9.49 -0.05 0.87 9.76		
-0.36 0.25 -0.25 -5.13 -0.06 -0.25 0.06 0.08 -0.04 -0.19 -6.06 9.19 -20.69 0.02 0.83 9.57 -0.05 0.87 9.76		
-0.37 0.25 -0.25 -5.13 0.00 -0.31 -0.06 0.09 -0.05 -0.18 -6.06 9.56 -20.69 0.04 0.82 9.58 -0.05 0.87 9.76		
-0.39 0.25 -0.25 -5.13 0.00 -0.06 0.00 0.10 -0.03 -0.19 -6.50 9.56 -20.25 0.75 1.43 10.87 -0.05 0.87 9.76		
-0.43 0.25 -0.25 -5.13 0.00 0.88 0.31 0.42 0.51 0.59 -6.88 10.00 -20.00 0.37 1.39 10.35 -0.04 0.87 9.76		
-0.47 0.31 -0.25 -5.13 -0.06 0.75 0.44 0.05 0.23 0.02 -6.06 10.00 -20.25 0.00 1.11 9.79 -0.05 0.87 9.76		
-0.48 0.31 -0.31 -5.13 0.00 0.94 0.25 -0.20 -0.18 -0.64 -6.50 9.56 -20.00 -0.46 1.04 9.19 -0.05 0.87 9.76		
-0.45 0.25 -0.31 -5.13 0.06 -0.37 0.37 -0.39 -0.03 -0.64 -6.88 9.56 -21.06 -0.45 0.84 9.11 -0.05 0.87 9.76		
-0.43 0.31 -0.31 -5.13 0.12 -0.63 0.00 -0.19 -0.23 -0.71 -7.19 9.19 -20.25 -0.08 0.85 9.40 -0.05 0.87 9.76		
-0.45 0.31 -0.25 -5.13 -0.06 1.12 -0.25 0.48 -0.21 -0.10 -6.06 9.56 -21.50 0.43 0.66 9.66 -0.05 0.87 9.76		
-0.43 0.31 -0.25 -5.13 0.37 -1.56 0.19 0.11 0.07 0.01 -6.50 10.69 -21.06 0.06 0.94 9.78 -0.05 0.87 9.76		
-0.42 0.31 -0.25 -5.06 0.00 1.37 -0.25 0.24 -0.09 -0.64 -6.06 9.56 -20.69 -0.09 0.70 8.41 -0.05 0.87 9.76		
-0.41 0.31 -0.25 -5.06 0.44 0.00 0.12 -0.20 0.00 -0.34 -6.50 10.00 -21.50 -0.25 0.87 9.41 -0.05 0.87 9.76		
-0.40 0.31 -0.25 -5.06 0.00 -0.37 0.06 0.09 -0.10 -0.26 -6.50 10.00 -20.25 0.04 0.76 9.50 -0.05 0.87 9.76		
-0.39 0.31 -0.25 -5.06 0.12 -0.19 -0.12 0.09 -0.11 -0.30 -6.50 9.56 -20.69 0.09 0.80 9.62 -0.05 0.87 9.76		
-0.40 0.31 -0.25 -5.06 0.00 0.12 -0.25 0.40 -0.08 -0.05 -6.50 9.19 -20.69 0.34 0.78 9.71 -0.05 0.87 9.76		
-0.39 0.31 -0.25 -5.06 0.00 0.81 -0.12 0.03 -0.09 -0.42 -6.50 10.00 -20.00 -0.01 0.78 9.34 -0.05 0.87 9.76		
-0.37 0.25 -0.31 -5.06 0.06 1.06 -0.19 -0.12 0.02 -0.42 -6.88 10.00 -21.50 -0.30 0.77 9.07 -0.05 0.87 9.76		
-0.37 0.25 -0.31 -5.06 -0.06 0.37 -0.19 -0.17 -0.07 -0.56 -6.88 10.00 -20.69 -0.22 0.79 9.19 -0.05 0.87 9.76		
-0.36 0.31 -0.25 -5.06 0.00 -0.37 -0.12 -0.03 0.00 -0.33 -6.06 10.00 -21.50 -0.08 0.86 9.43 -0.05 0.87 9.76		
-0.38 0.31 -0.25 -5.06 -0.06 -0.69 -0.06 0.11 0.06 -0.09 -6.50 9.19 -21.06 0.14 0.89 9.67 -0.05 0.87 9.76		
-0.38 0.31 -0.25 -5.06 -0.06 -0.12 -0.06 0.25 0.03 -0.01 -6.06 10.00 -20.69 0.20 0.90 9.75 -0.05 0.87 9.76		
-0.37 0.31 -0.25 -5.06 0.00 -0.31 -0.06 0.20 0.03 -0.02 -6.50 10.00 -20.69 0.07 0.90 9.73 -0.05 0.87 9.76		
-0.37 0.31 -0.25 -5.06 -0.06 0.25 -0.06 0.01 0.01 -0.25 -7.19 8.75 -20.25 -0.03 0.89 9.51 -0.05 0.87 9.76		
-0.40 0.31 -0.25 -5.06 0.12 0.25 0.06 -0.08 -0.02 -0.43 -6.06 9.19 -21.87 -0.13 0.84 9.33 -0.05 0.87 9.76		
-0.44 0.31 -0.25 -5.06 0.19 0.25 0.06 -0.08 -0.02 -0.45 -6.06 10.25 -20.69 -0.09 0.86 9.41 -0.05 0.87 9.76		
-0.43 0.31 -0.25 -5.06 0.00 -0.19 0.06 0.04 0.00 -0.32 -7.88 10.00 -21.06 0.00 0.87 9.44 -0.04 0.87 9.76		
-0.42 0.31 -0.25 -5.06 0.00 -0.31 -0.06 0.09 -0.01 -0.24 -6.06 10.00 -19.50 0.04 0.85 9.51 -0.04 0.87 9.76		
-0.46 0.31 -0.25 -5.06 -0.12 -0.12 -0.06 0.12 -0.02 -0.24 -7.56 10.25 -20.69 0.07 0.85 9.51 -0.04 0.87 9.76		
-0.48 0.31 -0.25 -5.06 0.12 0.19 0.06 0.06 -0.05 -0.26 -6.50 9.56 -21.06 0.01 0.82 9.50 -0.04 0.87 9.76		
-0.46 0.31 -0.25 -5.06 0.00 0.00 0.00 0.01 -0.02 -0.27 -5.69 9.56 -21.06 -0.06 0.85 9.42 -0.04 0.87 9.76		
-0.45 0.31 -0.25 -5.06 -0.06 0.12 0.06 0.00 0.27 -0.38 -6.88 9.19 -20.69 -0.05 1.15 9.38 -0.04 0.87 9.76		
-0.45 0.31 -0.25 -5.13 0.12 0.44 -0.56 0.22 -0.22 -0.19 -6.50 9.56 -21.06 0.17 0.65 9.57 -0.04 0.87 9.76		
-0.47 0.31 -0.25 -5.13 -0.06 0.56 -0.25 0.05 0.01 -0.16 -6.50 10.00 -21.06 0.00 0.89 9.60 -0.04 0.87 9.76		
-0.52 0.31 -0.25 -5.13 -0.06 0.00 0.06 0.01 0.04 -0.12 -6.50 9.56 -21.06 -0.03 0.91 9.64 -0.04 0.87 9.76		
-0.54 0.31 -0.31 -5.13 0.06 0.06 0.06 -0.39 0.27 0.10 -6.50 10.00 -20.25 -0.45 1.14 9.86 -0.06 0.87 9.76		
-0.63 0.31 -0.25 -5.13 -0.06 0.06 0.25 0.13 -0.17 -0.11 -7.19 9.56 -18.75 0.08 0.70 9.65 -0.05 0.87 9.76		
-0.96 0.25 -0.31 -5.13 0.00 -0.25 -0.25 0.14 0.00 -0.05 -5.69 9.56 -21.06 0.08 0.87 9.71 -0.05 0.87 9.76		
-1.16 0.31 -0.31 -5.13 0.00 0.50 -0.19 -0.12 -0.06 -0.42 -6.06 10.25 -21.06 -0.17 0.81 9.34 -0.05 0.87 9.76		
-1.22 0.31 -0.31 -5.13 0.06 0.06 -0.37 0.02 -0.31 -0.32 -6.50 9.19 -21.06 -0.02 0.56 9.43 -0.05 0.87 9.76		
-1.64 0.31 -0.25 -5.13 0.06 -0.06 -0.25 0.12 -0.16 -0.22 -6.06 9.19 -21.06 0.07 0.71 9.54 -0.05 0.87 9.76		
-1.70 0.31 -0.25 -5.13 -0.06 0.31 -0.12 0.13 -0.19 -0.20 -6.50 9.56 -20.00 0.08 0.68 9.55 -0.04 0.87 9.76		
-1.70 0.31 -0.25 -5.13 -0.06 0.44 -0.12 0.25 -0.01 0.29 -6.88 10.25 -21.06 0.21 0.86 10.06 -0.05 0.87 9.76		
-1.71 0.25 -0.31 -5.13 0.19 -1.06 -0.31 0.02 0.16 -0.25 -6.88 9.19 -21.50 -0.03 1.04 9.50 -0.05 0.87 9.76		
-3.40 0.25 -0.31 -5.13 0.06 -0.25 -0.37 -0.26 0.08 -0.60 -6.50 8.75 -20.69 -0.33 0.96 9.16 -0.06 0.87 9.76		
-6.04 0.25 -0.37 -5.13 0.00 0.63 0.06 -0.06 0.02 -0.51 -6.88 9.56 -20.69 0.06 0.98 9.67 -0.06 0.87 9.76		
-9.36 0.19 -0.31 -5.06 0.00 -2.06 -0.06 0.49 0.24 0.15 -6.50 10.00 -20.69 0.43 1.12 9.92 -0.06 0.87 9.76		
-12.88 0.25 -0.37 -5.06 0.00 0.94 -0.25 0.34 0.97 -0.03 -6.88 10.25 -20.69 0.27 1.85 9.73 -0.06 0.87 9.76		
-17.57 0.25 -0.44 -5.06 0.00 0.25 0.50 0.03 0.53 -0.38 -6.88 9.56 -20.00 -0.03 1.41 9.38 -0.07 0.87 9.76		
-22.36 0.25 -0.44 -5.06 -0.06 1.44 0.19 -0.41 0.05 -0.04 -6.50 9.56 -21.50 -0.46 1.24 9.10 -0.07 0.87 9.76		
-29.99 0.25 -0.50 -5.06 0.12 0.00 -0.56 0.27 0.07 -0.28 -7.19 9.56 -21.06 0.18 0.95 9.48 -0.08 0.87 9.76		
-37.71 0.25 -0.50 -5.06 0.06 1.50 0.12 -0.05 0.10 -0.35 -7.19 9.56 -20.69 -0.14 0.98 9.41 -0.09 0.87 9.76		
-48.34 0.25 -0.50 -5.06 0.19 -0.44 0.06 0.10 0.04 -0.30 -6.50 9.56 -21.06 -0.07 0.96 9.11 -0.08 0.87 9.76		
-58.15 0.25 -0.37 -5.06 -0.12 0.69 0.37 -0.08 0.38 -0.59 -6.06 10.00 -20.25 -0.15 1.25 9.17 -0.07 0.87 9.76		