LoadCell xo yo zo xrot yrot zrot xlin ylin zlin xmag ymag zmag xa1 ya1 za1 xa2 ya2 za2			
751.61 359.00 0.88 -5.13 -0.12 0.12 0.12 -0.01 -0.01 -0.26 -10.69 17.25 -34.06 0.13 0.85 9.53 0.16 0.88 9.76		
751.62 359.00 0.88 -5.13 0.06 -0.12 0.00 -0.02 -0.03 -0.25 -11.38 15.75 -33.69 0.13 0.84 9.50 0.16 0.88 9.76		
751.65 359.00 0.88 -5.13 0.12 0.12 0.00 -0.03 -0.03 -0.24 -9.88 16.56 -34.06 0.12 0.84 9.53 0.16 0.88 9.76		
751.67 359.00 0.88 -5.13 0.06 0.00 0.00 -0.02 -0.02 -0.22 -10.25 15.75 -34.50 0.13 0.85 9.54 0.16 0.88 9.76		
751.68 359.00 0.88 -5.13 0.06 0.12 0.00 -0.02 -0.02 -0.23 -11.75 16.56 -33.69 0.13 0.85 9.52 0.16 0.88 9.76		
751.70 359.00 0.88 -5.13 -0.06 -0.12 -0.06 -0.02 -0.02 -0.23 -9.88 16.87 -34.06 0.13 0.85 9.53 0.16 0.88 9.76		
751.68 359.00 0.88 -5.13 0.00 0.00 0.00 -0.03 -0.02 -0.26 -10.25 16.56 -34.06 0.12 0.85 9.50 0.16 0.88 9.76		
751.67 359.00 0.88 -5.13 0.00 0.06 -0.06 -0.03 -0.03 -0.23 -11.38 16.87 -34.50 0.13 0.87 9.50 0.16 0.88 9.76		
751.67 359.00 0.88 -5.13 0.06 0.06 0.00 -0.03 -0.03 -0.26 -11.00 16.19 -34.50 0.12 0.84 9.50 0.16 0.88 9.76		
751.68 359.00 0.88 -5.13 0.00 -0.12 0.00 -0.05 -0.01 -0.22 -10.69 16.56 -32.88 0.10 0.86 9.54 0.16 0.88 9.76		
751.68 359.00 0.88 -5.13 0.00 0.00 -0.19 -0.02 0.00 -0.26 -11.38 16.19 -33.25 0.13 0.88 9.50 0.16 0.88 9.76		
751.72 359.00 0.88 -5.13 0.00 -0.06 0.06 -0.02 -0.02 -0.23 -11.38 16.19 -32.88 0.13 0.85 9.53 0.16 0.88 9.76		
751.76 359.00 0.88 -5.13 0.06 0.00 0.00 -0.02 -0.03 -0.27 -11.00 16.19 -32.88 0.13 0.83 9.51 0.16 0.88 9.76		
751.76 359.00 0.88 -5.13 0.06 -0.19 0.00 -0.02 -0.02 -0.23 -12.06 15.75 -33.25 0.13 0.85 9.53 0.16 0.88 9.76		
751.76 359.00 0.88 -5.13 0.00 0.00 -0.06 -0.03 -0.01 -0.24 -11.00 16.19 -34.88 0.12 0.86 9.52 0.16 0.88 9.76		
751.79 359.00 0.88 -5.13 -0.06 -0.19 0.12 -0.02 0.00 -0.21 -11.38 16.56 -33.69 0.13 0.86 9.55 0.16 0.88 9.76		
751.81 359.00 0.88 -5.13 0.06 0.06 0.00 0.00 -0.01 -0.24 -10.69 16.19 -34.50 0.16 0.86 9.52 0.16 0.88 9.76		
751.83 359.00 0.88 -5.13 -0.06 0.00 0.00 -0.01 -0.04 -0.24 -11.75 16.87 -33.69 0.14 0.83 9.52 0.16 0.88 9.76		
751.84 359.00 0.88 -5.13 0.00 0.06 0.00 -0.01 -0.03 -0.22 -11.38 16.56 -33.69 0.13 0.87 9.51 0.16 0.88 9.76		
751.83 359.00 0.88 -5.13 0.00 -0.06 0.06 -0.03 -0.02 -0.24 -11.38 16.19 -33.69 0.12 0.85 9.52 0.16 0.88 9.76		
751.81 359.00 0.88 -5.13 0.00 -0.06 0.06 -0.01 -0.02 -0.23 -11.00 16.19 -34.06 0.14 0.85 9.52 0.16 0.88 9.76		
751.80 359.00 0.88 -5.13 0.12 0.06 -0.06 -0.03 -0.02 -0.25 -11.00 15.75 -34.88 0.14 0.85 9.51 0.16 0.88 9.76		
751.80 359.00 0.88 -5.13 0.06 -0.06 0.06 -0.03 -0.01 -0.27 -11.75 16.87 -32.88 0.12 0.86 9.49 0.16 0.88 9.76		
751.81 359.00 0.88 -5.13 -0.06 0.12 -0.06 -0.02 0.00 -0.26 -10.25 16.56 -34.06 0.13 0.85 9.48 0.16 0.88 9.76		
751.80 359.00 0.88 -5.13 0.06 0.00 0.00 -0.03 -0.02 -0.22 -11.00 16.56 -34.88 0.12 0.85 9.53 0.16 0.88 9.76		
751.80 359.00 0.88 -5.13 0.00 -0.12 -0.06 -0.03 0.00 -0.24 -11.00 16.19 -33.25 0.12 0.87 9.51 0.16 0.88 9.76		
751.82 359.00 0.88 -5.13 0.06 0.19 0.00 -0.01 -0.01 -0.24 -11.00 16.87 -34.06 0.14 0.86 9.51 0.16 0.88 9.76		
751.80 359.00 0.88 -5.13 -0.12 0.00 0.00 -0.03 -0.03 -0.23 -11.75 16.19 -34.50 0.12 0.84 9.52 0.16 0.88 9.76		
751.79 359.00 0.88 -5.13 0.12 -0.06 0.06 -0.03 0.00 -0.22 -11.00 16.56 -34.50 0.13 0.88 9.52 0.16 0.88 9.76		
751.77 359.00 0.88 -5.13 0.00 0.00 -0.06 -0.01 -0.02 -0.23 -11.00 15.06 -33.69 0.14 0.85 9.52 0.16 0.88 9.76		
751.74 359.00 0.88 -5.13 0.19 0.12 -0.06 -0.03 -0.05 -0.25 -11.00 16.19 -34.50 0.12 0.82 9.50 0.16 0.88 9.76		
751.72 359.00 0.88 -5.13 0.00 0.00 -0.06 -0.02 0.00 -0.23 -11.75 16.19 -33.69 0.13 0.87 9.52 0.16 0.88 9.76		
751.72 359.00 0.88 -5.13 -0.06 -0.12 0.06 -0.02 -0.01 -0.22 -10.25 16.56 -34.50 0.13 0.86 9.54 0.16 0.88 9.76		
751.70 359.00 0.88 -5.13 0.06 -0.06 0.06 -0.03 -0.01 -0.23 -11.38 16.19 -33.69 0.13 0.86 9.54 0.16 0.88 9.76		
751.70 359.00 0.88 -5.13 0.00 0.00 -0.06 0.00 0.00 -0.24 -11.38 16.19 -33.25 0.15 0.87 9.52 0.16 0.88 9.76		
751.70 359.00 0.88 -5.13 0.00 -0.06 -0.12 -0.03 -0.02 -0.23 -12.06 15.38 -33.69 0.12 0.85 9.53 0.16 0.88 9.76		
751.69 359.00 0.88 -5.13 0.06 0.06 0.00 -0.03 -0.03 -0.25 -10.69 16.56 -33.25 0.13 0.85 9.54 0.16 0.88 9.76		
751.70 359.00 0.88 -5.13 0.00 0.06 -0.06 -0.02 -0.04 -0.23 -11.38 17.69 -34.88 0.13 0.83 9.53 0.16 0.88 9.76		
751.71 359.00 0.88 -5.13 0.00 -0.06 -0.06 -0.04 -0.03 -0.24 -11.38 16.19 -34.06 0.11 0.84 9.51 0.16 0.88 9.76		
751.72 359.00 0.88 -5.13 0.06 0.00 -0.06 -0.02 -0.01 -0.24 -11.00 16.19 -32.88 0.12 0.84 9.49 0.16 0.88 9.76		
751.73 359.00 0.88 -5.13 -0.06 0.06 -0.06 -0.02 -0.02 -0.23 -10.25 16.56 -34.06 0.13 0.85 9.53 0.16 0.88 9.76		
751.74 359.00 0.88 -5.13 0.06 0.06 0.00 -0.02 -0.02 -0.24 -11.38 16.87 -34.06 0.13 0.85 9.51 0.16 0.88 9.76		
751.74 359.00 0.88 -5.13 0.00 0.06 0.06 -0.04 -0.01 -0.26 -11.00 16.56 -35.25 0.14 0.84 9.52 0.16 0.88 9.76		
751.74 359.00 0.88 -5.13 -0.06 -0.06 0.12 -0.02 -0.01 -0.23 -10.69 16.19 -33.25 0.13 0.86 9.53 0.16 0.88 9.76		
751.76 359.00 0.88 -5.13 0.12 -0.12 0.12 -0.02 -0.02 -0.24 -11.75 15.75 -34.50 0.14 0.87 9.54 0.16 0.88 9.76		
751.78 359.00 0.88 -5.13 0.06 -0.12 0.00 -0.02 -0.01 -0.24 -11.75 16.56 -34.50 0.13 0.86 9.51 0.16 0.88 9.76		
751.80 359.00 0.88 -5.13 0.00 -0.06 0.06 -0.01 0.00 -0.24 -11.75 16.87 -34.50 0.14 0.87 9.52 0.16 0.88 9.76		
751.82 359.00 0.88 -5.13 0.00 0.12 0.00 -0.02 0.00 -0.23 -11.00 15.75 -34.50 0.13 0.88 9.53 0.16 0.88 9.76		
751.84 359.00 0.88 -5.13 -0.12 0.06 -0.12 -0.04 -0.03 -0.25 -11.75 17.25 -34.50 0.11 0.84 9.50 0.16 0.88 9.76		
751.87 359.00 0.88 -5.13 -0.06 0.06 -0.06 -0.02 -0.02 -0.26 -11.75 16.87 -34.06 0.14 0.83 9.52 0.16 0.88 9.76		
751.89 359.00 0.88 -5.13 0.06 0.06 -0.06 -0.01 -0.04 -0.25 -11.75 15.75 -34.50 0.14 0.83 9.51 0.16 0.88 9.76		
751.90 359.00 0.88 -5.13 0.06 0.19 0.06 -0.03 -0.01 -0.21 -11.00 16.56 -33.69 0.12 0.86 9.55 0.16 0.88 9.76		
751.92 359.00 0.88 -5.13 0.00 0.00 0.06 -0.03 -0.02 -0.24 -10.69 16.56 -33.69 0.12 0.85 9.51 0.16 0.88 9.76		
751.92 359.00 0.88 -5.13 0.00 0.06 -0.06 -0.03 -0.02 -0.24 -11.38 16.19 -34.50 0.12 0.85 9.52 0.16 0.88 9.76		
751.95 359.00 0.88 -5.13 0.06 -0.06 -0.06 -0.03 -0.02 -0.27 -10.69 17.25 -33.69 0.11 0.84 9.52 0.16 0.88 9.76		
751.98 359.00 0.88 -5.13 0.00 0.06 0.00 -0.02 -0.01 -0.27 -11.00 16.19 -33.69 0.13 0.86 9.48 0.16 0.88 9.76		
751.98 359.00 0.88 -5.13 0.06 -0.12 0.00 -0.02 0.00 -0.27 -11.75 16.19 -33.69 0.13 0.87 9.49 0.16 0.88 9.76		
752.00 359.00 0.88 -5.13 0.12 0.00 0.00 -0.02 -0.02 -0.25 -11.00 15.75 -32.06 0.12 0.85 9.53 0.16 0.88 9.76		
752.01 359.00 0.88 -5.13 -0.06 0.00 -0.06 -0.02 -0.02 -0.27 -11.00 16.56 -34.50 0.13 0.85 9.49 0.16 0.88 9.76		
752.02 359.00 0.88 -5.13 0.06 0.00 -0.19 -0.03 0.00 -0.25 -11.00 16.56 -33.25 0.12 0.87 9.51 0.16 0.88 9.76		
752.06 359.00 0.88 -5.13 -0.06 0.00 -0.06 -0.02 0.00 -0.25 -10.69 15.38 -34.06 0.12 0.88 9.50 0.16 0.88 9.76		
752.10 359.00 0.88 -5.13 -0.06 0.00 0.00 -0.04 -0.03 -0.23 -10.69 16.19 -34.06 0.11 0.84 9.52 0.16 0.88 9.76		
752.12 359.00 0.88 -5.13 0.00 -0.12 0.06 -0.02 -0.04 -0.24 -11.00 16.19 -34.50 0.13 0.83 9.52 0.16 0.88 9.76		
752.15 359.00 0.88 -5.13 -0.06 -0.06 0.12 -0.02 -0.02 -0.25 -11.00 16.56 -34.06 0.12 0.88 9.51 0.16 0.88 9.76		
752.16 359.00 0.88 -5.13 0.00 0.06 0.00 -0.01 0.00 -0.25 -11.38 16.56 -34.06 0.14 0.88 9.51 0.16 0.88 9.76		
752.16 359.00 0.88 -5.13 0.00 0.00 0.06 -0.01 0.00 -0.23 -11.38 16.19 -32.88 0.14 0.87 9.52 0.16 0.88 9.76		
752.20 359.00 0.88 -5.13 -0.06 -0.12 0.00 -0.04 -0.01 -0.22 -11.00 15.75 -34.06 0.11 0.86 9.53 0.16 0.88 9.76		
752.23 359.00 0.88 -5.13 0.12 -0.06 0.12 0.00 -0.02 -0.23 -11.38 16.87 -33.69 0.15 0.85 9.53 0.16 0.88 9.76		
752.23 359.00 0.88 -5.13 0.12 0.00 0.06 -0.01 -0.01 -0.24 -11.75 16.19 -34.88 0.14 0.86 9.52 0.16 0.88 9.76		
752.24 359.00 0.88 -5.13 -0.12 0.06 0.00 -0.02 -0.02 -0.23 -10.25 15.38 -33.25 0.13 0.85 9.52 0.16 0.88 9.76		
752.25 359.00 0.88 -5.13 -0.06 -0.12 -0.06 -0.03 -0.03 -0.22 -11.38 15.75 -34.06 0.12 0.84 9.50 0.16 0.88 9.76		
752.25 359.00 0.88 -5.13 0.00 0.00 0.06 -0.02 -0.02 -0.24 -11.00 15.75 -33.69 0.13 0.85 9.51 0.16 0.88 9.76		
752.25 359.00 0.88 -5.13 0.00 0.12 0.12 -0.01 -0.02 -0.22 -9.88 15.38 -33.69 0.14 0.85 9.53 0.16 0.88 9.76		
752.25 359.00 0.88 -5.13 0.12 0.00 0.06 -0.02 0.00 -0.27 -12.06 16.56 -33.25 0.14 0.87 9.50 0.16 0.88 9.76		
752.25 359.00 0.88 -5.13 0.00 -0.06 0.00 -0.03 -0.01 -0.24 -11.75 15.75 -34.06 0.12 0.86 9.52 0.16 0.88 9.76		
752.25 359.00 0.88 -5.13 -0.06 0.00 0.06 -0.03 -0.01 -0.23 -11.75 15.75 -33.25 0.13 0.86 9.51 0.16 0.88 9.76		
752.26 359.00 0.88 -5.13 -0.12 0.19 -0.12 -0.02 0.00 -0.23 -12.06 15.75 -35.25 0.13 0.87 9.53 0.16 0.88 9.76		
752.26 359.00 0.88 -5.13 0.00 0.00 0.06 -0.02 -0.02 -0.27 -12.06 15.38 -32.88 0.13 0.85 9.49 0.16 0.88 9.76
752.26 359.00 0.88 -5.13 -0.12 -0.19 -0.06 0.00 -0.02 -0.24 -11.00 16.56 -33.69 0.16 0.85 9.51 0.16 0.88 9.76
752.25 359.00 0.88 -5.13 0.00 0.00 0.00 -0.03 -0.01 -0.23 -10.69 16.19 -33.69 0.12 0.86 9.52 0.16 0.88 9.76		
752.25 359.00 0.88 -5.13 0.06 -0.12 0.12 -0.01 -0.02 -0.24 -11.00 16.56 -33.69 0.14 0.85 9.52 0.16 0.88 9.76		
752.20 359.00 0.88 -5.13 -0.06 -0.06 -0.06 -0.02 -0.02 -0.24 -10.69 15.75 -34.38 0.14 0.88 9.51 0.16 0.88 9.76		
752.15 359.00 0.88 -5.13 0.00 0.00 -0.12 -0.03 -0.04 -0.23 -11.00 15.38 -34.38 0.12 0.83 9.52 0.16 0.88 9.76		
752.14 359.00 0.88 -5.13 0.12 0.06 0.06 -0.02 -0.02 -0.25 -11.00 16.19 -33.25 0.13 0.87 9.50 0.16 0.88 9.76		
752.13 359.00 0.88 -5.13 0.00 0.00 -0.06 -0.01 -0.02 -0.23 -10.25 16.56 -34.50 0.14 0.85 9.53 0.16 0.88 9.76		
752.09 359.00 0.88 -5.13 0.06 0.12 0.00 -0.02 -0.03 -0.22 -11.75 16.19 -34.06 0.13 0.84 9.53 0.16 0.88 9.76		
752.06 359.00 0.88 -5.13 0.00 0.06 0.12 -0.02 -0.01 -0.26 -10.69 16.56 -35.25 0.13 0.86 9.50 0.16 0.88 9.76		
752.02 359.00 0.88 -5.13 0.06 0.19 0.00 -0.02 -0.01 -0.21 -11.75 16.19 -34.88 0.13 0.86 9.54 0.16 0.88 9.76		
752.00 359.00 0.88 -5.13 -0.06 0.00 0.00 -0.04 -0.03 -0.24 -10.25 16.19 -34.50 0.14 0.86 9.52 0.16 0.88 9.76		
751.99 359.00 0.88 -5.13 0.06 -0.06 0.00 -0.02 0.00 -0.23 -11.00 16.19 -34.06 0.13 0.87 9.52 0.16 0.88 9.76		
751.97 359.00 0.88 -5.13 0.00 -0.19 -0.06 -0.03 -0.01 -0.23 -10.69 16.56 -34.06 0.12 0.86 9.53 0.16 0.88 9.76		
751.93 359.00 0.88 -5.13 0.06 0.12 0.00 -0.03 -0.01 -0.25 -11.75 16.56 -33.25 0.12 0.86 9.51 0.16 0.88 9.76		
751.90 359.00 0.88 -5.13 -0.06 -0.06 0.00 0.00 -0.01 -0.23 -10.69 16.19 -33.25 0.15 0.86 9.53 0.16 0.88 9.76		
751.88 359.00 0.88 -5.13 -0.12 -0.19 -0.06 -0.02 0.00 -0.26 -10.69 15.75 -34.88 0.14 0.87 9.50 0.16 0.88 9.76		
751.86 359.00 0.88 -5.13 0.06 0.00 -0.06 -0.02 -0.01 -0.25 -10.69 15.75 -33.69 0.13 0.86 9.51 0.16 0.88 9.76		
751.84 359.00 0.88 -5.13 0.06 0.00 0.12 -0.02 0.00 -0.23 -10.25 16.19 -33.25 0.13 0.88 9.52 0.16 0.88 9.76		
751.82 359.00 0.88 -5.13 0.00 0.12 0.00 -0.02 -0.01 -0.25 -11.38 16.87 -34.88 0.11 0.86 9.50 0.16 0.88 9.76		
751.80 359.00 0.88 -5.13 0.00 0.12 -0.06 -0.02 -0.01 -0.27 -11.00 15.75 -33.69 0.13 0.86 9.49 0.16 0.88 9.76		
751.81 359.00 0.88 -5.13 0.00 0.25 0.00 -0.01 0.00 -0.26 -10.69 16.56 -34.50 0.14 0.89 9.50 0.16 0.88 9.76		
751.83 359.00 0.88 -5.13 -0.06 0.12 0.00 -0.03 -0.01 -0.24 -10.69 16.19 -33.25 0.12 0.86 9.52 0.16 0.88 9.76		
751.85 359.00 0.88 -5.13 0.06 0.12 -0.06 -0.02 -0.02 -0.23 -10.69 16.56 -33.25 0.13 0.85 9.52 0.16 0.88 9.76		
751.89 359.00 0.88 -5.13 0.00 0.06 -0.12 -0.03 -0.03 -0.24 -10.25 16.19 -33.25 0.12 0.84 9.52 0.16 0.88 9.76		
751.87 359.00 0.88 -5.13 0.00 -0.06 -0.06 -0.02 -0.02 -0.27 -11.75 16.56 -34.50 0.12 0.85 9.52 0.16 0.88 9.76		
751.88 359.00 0.88 -5.13 0.06 -0.06 0.06 -0.01 -0.03 -0.23 -11.38 16.87 -33.69 0.14 0.84 9.52 0.16 0.88 9.76		
751.91 359.00 0.88 -5.13 0.06 -0.06 0.12 -0.01 0.00 -0.24 -11.38 16.87 -34.50 0.15 0.87 9.53 0.16 0.88 9.76		
751.93 359.00 0.88 -5.13 0.00 0.00 0.00 -0.02 -0.02 -0.24 -9.88 15.38 -35.25 0.13 0.85 9.52 0.16 0.88 9.76		
751.93 359.00 0.88 -5.13 0.06 -0.12 0.12 -0.02 -0.02 -0.23 -11.38 16.19 -34.06 0.13 0.85 9.52 0.16 0.88 9.76		
751.94 359.00 0.88 -5.13 0.19 -0.19 0.00 -0.03 0.00 -0.24 -10.69 16.19 -33.69 0.12 0.87 9.51 0.16 0.88 9.76		
751.97 359.00 0.88 -5.13 0.00 0.12 -0.19 -0.03 0.00 -0.24 -11.00 15.75 -34.50 0.12 0.87 9.51 0.16 0.88 9.76		
751.97 359.00 0.88 -5.13 0.06 -0.12 -0.06 -0.02 -0.02 -0.24 -11.38 16.19 -34.50 0.13 0.83 9.54 0.16 0.88 9.76		
751.99 359.00 0.88 -5.13 0.06 -0.06 -0.12 0.00 -0.01 -0.23 -10.69 16.56 -33.69 0.15 0.86 9.53 0.16 0.88 9.76		
751.98 359.00 0.88 -5.13 -0.06 0.06 -0.12 -0.02 -0.04 -0.24 -11.00 16.19 -33.69 0.13 0.83 9.52 0.16 0.88 9.76		
751.99 359.00 0.88 -5.13 0.06 -0.19 0.00 -0.02 -0.01 -0.22 -11.38 15.06 -33.25 0.13 0.86 9.53 0.16 0.88 9.76		
751.98 359.00 0.88 -5.13 0.12 0.06 0.06 -0.04 -0.02 -0.24 -11.00 16.19 -34.06 0.11 0.85 9.51 0.16 0.88 9.76		
751.99 359.00 0.88 -5.13 0.12 -0.12 0.12 -0.03 -0.01 -0.24 -10.25 15.75 -34.06 0.13 0.85 9.53 0.16 0.88 9.76		
752.01 359.00 0.88 -5.13 -0.06 -0.06 -0.12 -0.03 -0.02 -0.25 -10.25 16.87 -33.69 0.12 0.85 9.51 0.16 0.88 9.76		
752.03 359.00 0.88 -5.13 0.00 -0.19 -0.06 0.00 -0.02 -0.27 -11.00 16.19 -33.25 0.15 0.85 9.49 0.16 0.88 9.76		
752.04 359.00 0.88 -5.13 0.00 0.00 0.00 -0.02 -0.03 -0.25 -11.38 16.19 -34.06 0.13 0.84 9.53 0.16 0.88 9.76		
752.04 359.00 0.88 -5.13 0.00 -0.06 0.00 -0.02 0.00 -0.24 -11.38 16.19 -33.69 0.13 0.87 9.51 0.16 0.88 9.76		
752.03 359.00 0.88 -5.13 0.06 0.12 0.00 -0.02 -0.02 -0.23 -11.00 16.19 -33.25 0.13 0.85 9.53 0.16 0.88 9.76		
752.07 359.00 0.88 -5.13 -0.12 0.06 -0.06 -0.02 -0.01 -0.22 -10.25 16.19 -33.69 0.12 0.84 9.52 0.16 0.88 9.76		
752.10 359.00 0.88 -5.13 0.12 0.12 0.00 -0.02 -0.01 -0.27 -11.00 16.56 -33.25 0.13 0.86 9.49 0.16 0.88 9.76		
752.09 359.00 0.88 -5.13 -0.12 -0.12 -0.06 -0.02 -0.04 -0.24 -11.00 16.56 -34.50 0.13 0.83 9.52 0.16 0.88 9.76		
752.06 359.00 0.88 -5.13 0.00 -0.06 -0.06 -0.01 -0.02 -0.22 -11.00 16.19 -32.88 0.14 0.85 9.54 0.16 0.88 9.76		
752.08 359.00 0.88 -5.13 0.00 -0.06 0.06 -0.02 -0.03 -0.25 -10.69 15.75 -32.88 0.13 0.84 9.51 0.16 0.88 9.76		
752.05 359.00 0.88 -5.13 0.00 0.00 -0.06 -0.02 -0.01 -0.24 -10.69 15.75 -33.69 0.14 0.85 9.51 0.16 0.88 9.76		
752.04 359.00 0.88 -5.13 0.06 -0.25 -0.12 -0.03 -0.01 -0.24 -11.38 16.87 -33.69 0.12 0.86 9.52 0.16 0.88 9.76		
752.08 359.00 0.88 -5.13 0.06 0.19 -0.19 -0.02 -0.02 -0.24 -11.38 16.56 -34.50 0.13 0.85 9.51 0.16 0.88 9.76		
752.06 359.00 0.88 -5.13 0.00 0.12 0.00 -0.01 -0.01 -0.24 -11.75 15.38 -35.25 0.14 0.86 9.52 0.16 0.88 9.76		
752.04 359.00 0.88 -5.13 0.00 0.00 0.06 -0.02 0.00 -0.26 -10.69 15.75 -33.25 0.13 0.87 9.50 0.16 0.88 9.76		
752.05 359.00 0.88 -5.13 0.06 0.00 0.06 -0.01 -0.03 -0.25 -10.69 16.19 -33.25 0.13 0.85 9.53 0.16 0.88 9.76		
752.08 359.00 0.88 -5.13 0.06 -0.19 0.19 -0.01 -0.02 -0.25 -10.69 15.75 -34.50 0.14 0.85 9.50 0.16 0.88 9.76		
752.07 359.00 0.88 -5.13 0.12 0.00 0.00 -0.01 -0.04 -0.24 -10.25 16.19 -32.88 0.14 0.83 9.52 0.16 0.88 9.76		
752.05 359.00 0.88 -5.13 0.06 0.00 0.06 -0.03 -0.02 -0.23 -11.00 15.75 -34.06 0.12 0.85 9.53 0.16 0.88 9.76		
752.06 359.00 0.88 -5.13 0.06 -0.06 -0.06 -0.01 -0.01 -0.24 -11.75 16.56 -34.50 0.14 0.86 9.51 0.16 0.88 9.76		
752.04 359.00 0.88 -5.13 0.00 0.06 0.12 -0.02 -0.02 -0.23 -11.00 15.75 -33.69 0.12 0.87 9.51 0.16 0.88 9.76		
752.04 359.00 0.88 -5.13 -0.06 0.06 0.06 -0.05 -0.01 -0.23 -10.69 17.69 -33.69 0.11 0.86 9.52 0.16 0.88 9.76		
752.05 359.00 0.88 -5.13 0.00 -0.12 -0.12 -0.03 -0.02 -0.26 -11.00 16.56 -34.06 0.12 0.85 9.50 0.16 0.88 9.76		
752.05 359.00 0.88 -5.13 0.00 -0.06 -0.06 -0.01 -0.01 -0.25 -9.88 16.19 -34.50 0.12 0.84 9.51 0.16 0.88 9.76		
752.05 359.00 0.88 -5.13 0.06 -0.06 0.00 -0.02 -0.02 -0.26 -10.25 16.87 -33.25 0.13 0.85 9.50 0.16 0.88 9.76		
752.06 359.00 0.88 -5.13 -0.06 0.25 0.00 -0.02 -0.02 -0.25 -11.38 15.75 -35.25 0.13 0.85 9.51 0.16 0.88 9.76		
752.09 359.00 0.88 -5.13 -0.06 -0.06 -0.12 -0.01 -0.02 -0.20 -11.00 16.56 -34.06 0.13 0.85 9.52 0.16 0.88 9.76		
752.07 359.00 0.88 -5.13 -0.06 -0.12 -0.06 -0.03 -0.02 -0.23 -11.00 16.56 -33.69 0.12 0.85 9.52 0.16 0.88 9.76		
752.08 359.00 0.88 -5.13 -0.06 -0.12 0.00 -0.04 -0.03 -0.25 -11.00 15.38 -34.06 0.11 0.84 9.50 0.16 0.88 9.76		
752.06 359.00 0.88 -5.13 -0.06 -0.06 0.06 -0.01 -0.03 -0.26 -10.25 16.56 -33.69 0.14 0.84 9.50 0.16 0.88 9.76		
752.03 359.00 0.88 -5.13 0.06 -0.06 -0.06 0.00 -0.03 -0.22 -11.38 16.56 -34.06 0.15 0.84 9.54 0.16 0.88 9.76		
752.03 359.00 0.88 -5.13 0.00 -0.06 -0.06 -0.03 -0.02 -0.24 -11.38 16.56 -34.06 0.13 0.83 9.52 0.16 0.88 9.76		
752.03 359.00 0.88 -5.13 0.00 -0.06 0.06 -0.01 -0.02 -0.24 -10.69 16.56 -34.88 0.14 0.85 9.52 0.16 0.88 9.76		
751.99 359.00 0.88 -5.13 -0.06 -0.12 0.00 -0.03 0.00 -0.27 -11.00 16.19 -35.25 0.12 0.87 9.48 0.16 0.88 9.76		
751.96 359.00 0.88 -5.13 0.00 0.12 0.06 -0.01 -0.02 -0.23 -11.38 15.75 -34.06 0.14 0.85 9.53 0.16 0.88 9.76		
751.98 359.00 0.88 -5.13 0.00 0.06 0.06 -0.02 -0.01 -0.24 -10.69 17.25 -34.06 0.13 0.86 9.52 0.16 0.88 9.76		
752.00 359.00 0.88 -5.13 0.12 0.00 0.00 -0.04 -0.03 -0.24 -10.69 16.56 -34.88 0.11 0.83 9.54 0.16 0.88 9.76		
752.00 359.00 0.88 -5.13 -0.06 0.06 -0.06 -0.03 -0.02 -0.24 -11.75 16.19 -34.50 0.12 0.85 9.51 0.16 0.88 9.76		
752.03 359.00 0.88 -5.13 0.00 0.00 0.06 -0.02 -0.02 -0.24 -11.38 15.75 -34.06 0.13 0.85 9.52 0.16 0.88 9.76		
752.06 359.00 0.88 -5.13 0.00 -0.19 0.12 -0.03 0.00 -0.25 -11.00 16.19 -32.88 0.12 0.86 9.52 0.16 0.88 9.76		
752.06 359.00 0.88 -5.13 -0.06 -0.12 0.00 0.00 0.00 -0.24 -11.00 16.87 -33.69 0.15 0.87 9.52 0.16 0.88 9.76		
752.06 359.00 0.88 -5.13 -0.06 0.00 -0.06 -0.04 -0.01 -0.25 -10.69 16.19 -33.69 0.11 0.86 9.51 0.16 0.88 9.76		
752.05 359.00 0.88 -5.13 0.00 0.06 -0.06 -0.02 -0.02 -0.25 -11.00 16.19 -33.69 0.13 0.85 9.51 0.16 0.88 9.76		
752.08 359.00 0.88 -5.13 0.25 -0.06 0.00 0.00 -0.02 -0.24 -11.75 16.56 -34.88 0.15 0.85 9.51 0.16 0.88 9.76		
752.08 359.00 0.88 -5.13 -0.06 0.00 0.06 -0.01 -0.03 -0.24 -11.38 16.56 -34.06 0.12 0.84 9.51 0.16 0.88 9.76		
752.11 359.00 0.88 -5.13 0.00 0.06 -0.06 -0.01 -0.01 -0.24 -11.75 16.19 -34.88 0.14 0.86 9.51 0.16 0.88 9.76		
752.13 359.00 0.88 -5.13 0.06 0.06 -0.25 -0.02 -0.02 -0.22 -11.00 16.56 -34.06 0.13 0.85 9.53 0.16 0.88 9.76		
752.14 359.00 0.88 -5.13 0.12 -0.19 0.25 -0.01 -0.01 -0.24 -11.75 16.87 -33.25 0.14 0.87 9.50 0.16 0.88 9.76		
752.16 359.00 0.88 -5.13 -0.12 -0.12 -0.19 -0.01 0.00 -0.23 -11.00 15.38 -33.25 0.14 0.87 9.52 0.16 0.88 9.76		
752.20 359.00 0.88 -5.13 0.06 -0.06 0.00 -0.03 -0.03 -0.25 -10.69 15.75 -34.06 0.12 0.84 9.50 0.16 0.88 9.76		
752.21 359.00 0.88 -5.13 0.12 -0.12 0.06 -0.02 -0.02 -0.24 -9.88 15.75 -34.88 0.13 0.88 9.51 0.16 0.88 9.76		
752.23 359.00 0.88 -5.13 0.06 -0.12 -0.06 -0.02 -0.02 -0.26 -11.38 15.75 -33.25 0.13 0.85 9.50 0.16 0.88 9.76		
752.23 359.00 0.88 -5.13 0.12 0.06 -0.06 0.00 0.00 -0.21 -10.25 16.56 -33.69 0.17 0.83 9.54 0.16 0.88 9.76		
752.22 359.00 0.88 -5.13 0.00 -0.25 0.00 0.00 -0.02 -0.20 -10.69 16.56 -34.06 0.16 0.85 9.55 0.16 0.88 9.76		
752.25 359.00 0.88 -5.13 -0.06 -0.06 0.06 -0.05 -0.03 -0.27 -10.69 16.87 -34.06 0.11 0.84 9.49 0.16 0.88 9.76		
752.25 359.00 0.88 -5.13 0.00 0.00 0.06 -0.04 -0.01 -0.26 -10.25 16.19 -34.06 0.10 0.84 9.47 0.16 0.88 9.76		
752.17 359.00 0.88 -5.13 0.06 0.12 0.06 -0.02 -0.03 -0.24 -11.00 16.19 -32.88 0.13 0.84 9.51 0.16 0.88 9.76		
752.07 359.00 0.88 -5.13 0.00 0.19 0.06 -0.01 -0.02 -0.22 -12.06 16.56 -34.50 0.14 0.85 9.57 0.16 0.88 9.76		
751.88 359.00 0.88 -5.13 -0.06 -0.37 -0.06 0.02 -0.02 -0.17 -10.69 16.19 -34.50 0.18 0.85 9.58 0.16 0.88 9.76		
751.74 359.00 0.88 -5.13 0.12 -0.19 0.06 -0.03 -0.03 -0.24 -10.25 15.75 -32.50 0.12 0.84 9.51 0.16 0.88 9.76		
751.70 359.00 0.88 -5.13 0.00 0.19 -0.19 -0.05 -0.02 -0.29 -10.69 15.38 -34.06 0.10 0.85 9.47 0.16 0.88 9.76		
751.70 359.00 0.88 -5.13 0.06 0.12 0.06 -0.02 -0.01 -0.22 -10.69 15.38 -33.69 0.13 0.86 9.54 0.16 0.88 9.76		
751.57 359.00 0.88 -5.13 0.00 -0.31 0.00 -0.01 -0.02 -0.27 -10.69 15.75 -34.50 0.17 0.84 9.57 0.16 0.88 9.76		
751.44 359.00 0.88 -5.13 0.06 -0.19 -0.12 -0.05 -0.03 -0.28 -11.38 16.19 -34.88 0.10 0.84 9.48 0.16 0.88 9.76		
751.48 359.00 0.88 -5.13 0.06 0.19 0.06 0.00 -0.01 -0.26 -11.38 16.56 -33.69 0.15 0.86 9.50 0.16 0.88 9.76		
751.50 359.00 0.88 -5.13 -0.06 -0.19 0.00 0.00 -0.01 -0.23 -11.38 16.87 -33.69 0.15 0.84 9.56 0.16 0.88 9.76		
751.36 359.00 0.88 -5.13 -0.06 -0.19 0.00 -0.02 -0.03 -0.29 -11.38 16.56 -34.88 0.13 0.84 9.46 0.16 0.88 9.76		
751.43 359.00 0.88 -5.13 0.00 0.00 0.06 -0.05 -0.01 -0.25 -11.00 16.56 -33.69 0.10 0.86 9.50 0.16 0.88 9.76		
751.48 359.00 0.88 -5.13 -0.12 0.00 0.00 -0.01 -0.03 -0.22 -11.00 15.75 -33.25 0.13 0.85 9.54 0.16 0.88 9.76		
751.39 359.00 0.88 -5.13 0.06 -0.12 -0.06 -0.02 -0.03 -0.23 -10.25 16.19 -34.06 0.13 0.84 9.53 0.16 0.88 9.76		
751.37 359.00 0.88 -5.13 0.00 0.12 -0.12 -0.03 -0.02 -0.27 -11.38 15.06 -32.88 0.12 0.85 9.48 0.16 0.88 9.76		
751.37 359.00 0.88 -5.13 -0.06 0.06 -0.12 -0.05 -0.01 -0.25 -11.38 16.19 -35.25 0.11 0.86 9.50 0.16 0.88 9.76		
751.29 359.00 0.88 -5.13 -0.06 0.19 0.06 -0.02 -0.03 -0.25 -11.00 16.56 -34.38 0.13 0.84 9.51 0.16 0.88 9.76		
751.14 359.00 0.88 -5.13 0.00 -0.06 -0.12 -0.03 -0.02 -0.26 -11.00 16.56 -33.69 0.11 0.84 9.54 0.16 0.88 9.76		
751.14 359.00 0.88 -5.13 0.00 0.06 0.06 -0.01 0.00 -0.21 -11.00 15.75 -35.25 0.14 0.87 9.54 0.16 0.88 9.76		
751.28 359.00 0.88 -5.13 -0.06 -0.31 0.00 -0.04 -0.02 -0.27 -10.25 16.87 -35.25 0.11 0.85 9.48 0.16 0.88 9.76		
751.38 359.00 0.88 -5.13 -0.06 0.12 -0.06 -0.05 -0.03 -0.29 -11.38 16.56 -34.06 0.10 0.84 9.47 0.16 0.88 9.76		
751.50 359.00 0.88 -5.13 -0.06 0.19 -0.06 -0.05 -0.03 -0.26 -10.69 16.19 -33.69 0.11 0.84 9.50 0.16 0.88 9.76		
751.40 359.00 0.88 -5.13 -0.06 -0.12 0.00 0.02 -0.03 -0.16 -11.38 16.87 -33.69 0.17 0.86 9.54 0.16 0.88 9.76		
751.47 359.00 0.88 -5.13 -0.06 -0.25 0.06 0.00 -0.04 -0.24 -11.38 16.19 -34.06 0.15 0.83 9.52 0.16 0.88 9.76		
751.57 359.00 0.88 -5.13 -0.06 0.06 0.00 -0.05 -0.04 -0.27 -11.75 16.56 -33.69 0.10 0.83 9.48 0.16 0.88 9.76		
751.59 359.00 0.88 -5.13 0.06 0.31 0.19 -0.04 0.00 -0.30 -11.75 16.56 -34.06 0.11 0.87 9.46 0.16 0.88 9.76		
751.53 359.00 0.88 -5.13 0.06 0.19 0.00 0.00 -0.01 -0.19 -10.25 15.75 -34.06 0.15 0.86 9.57 0.16 0.88 9.76		
751.42 359.00 0.88 -5.13 0.00 -0.19 0.00 0.00 -0.02 -0.25 -10.69 16.87 -34.88 0.16 0.84 9.54 0.16 0.88 9.76		
751.55 359.00 0.88 -5.13 0.00 0.25 -0.06 -0.07 -0.01 -0.29 -11.00 15.75 -33.25 0.08 0.86 9.46 0.16 0.88 9.76		
751.55 359.00 0.88 -5.13 -0.06 -0.12 0.00 -0.01 -0.01 -0.24 -10.69 16.56 -35.25 0.14 0.86 9.51 0.16 0.88 9.76		
751.39 359.00 0.88 -5.13 0.06 -0.12 0.00 0.00 -0.01 -0.23 -12.06 16.19 -34.50 0.13 0.87 9.52 0.16 0.88 9.76		
751.49 359.00 0.88 -5.13 0.00 0.12 0.00 -0.02 0.00 -0.27 -10.69 16.87 -33.69 0.13 0.88 9.49 0.16 0.88 9.76		
751.59 359.00 0.88 -5.13 0.00 -0.19 0.00 -0.04 -0.01 -0.25 -11.00 16.19 -34.06 0.11 0.86 9.51 0.16 0.88 9.76		
751.64 359.00 0.88 -5.13 0.06 0.19 0.00 -0.02 0.00 -0.23 -11.38 16.19 -33.69 0.12 0.85 9.50 0.16 0.88 9.76		
751.66 359.00 0.88 -5.13 -0.06 0.00 0.06 -0.02 -0.03 -0.20 -10.69 16.56 -34.06 0.13 0.84 9.56 0.16 0.88 9.76		
751.68 359.00 0.88 -5.13 -0.06 -0.31 0.00 -0.02 -0.02 -0.23 -11.00 15.75 -33.69 0.13 0.85 9.53 0.16 0.88 9.76		
751.70 359.00 0.88 -5.13 -0.06 0.06 0.00 -0.04 0.00 -0.27 -10.69 16.19 -33.25 0.12 0.85 9.52 0.16 0.88 9.76		
751.74 359.00 0.88 -5.13 0.06 0.00 -0.06 -0.04 -0.03 -0.27 -10.25 16.56 -33.25 0.11 0.84 9.48 0.16 0.88 9.76		
751.68 359.00 0.88 -5.13 0.00 -0.19 -0.12 -0.01 0.00 -0.22 -10.69 16.19 -34.50 0.14 0.88 9.54 0.16 0.88 9.76		
751.67 359.00 0.88 -5.13 0.06 -0.12 0.12 -0.01 -0.01 -0.23 -11.75 16.87 -34.06 0.14 0.86 9.52 0.16 0.88 9.76		
751.76 359.00 0.88 -5.13 -0.06 0.00 0.12 -0.03 -0.03 -0.25 -11.38 16.19 -35.25 0.12 0.84 9.50 0.16 0.88 9.76		
751.66 359.00 0.88 -5.13 0.00 -0.19 0.06 -0.01 -0.03 -0.23 -10.69 16.87 -33.69 0.14 0.84 9.53 0.16 0.88 9.76		
751.58 359.00 0.88 -5.13 -0.06 0.00 0.06 -0.03 -0.02 -0.24 -11.38 15.38 -34.06 0.12 0.85 9.51 0.16 0.88 9.76		
751.64 359.00 0.88 -5.13 0.06 -0.06 0.06 -0.02 -0.01 -0.25 -11.75 16.56 -34.50 0.14 0.85 9.52 0.16 0.88 9.76		
751.69 359.00 0.88 -5.13 0.00 0.06 -0.06 -0.03 0.00 -0.21 -11.00 15.75 -33.69 0.12 0.87 9.54 0.16 0.88 9.76		
751.70 359.00 0.88 -5.13 0.00 0.12 0.00 0.00 -0.02 -0.24 -11.38 15.75 -34.50 0.15 0.85 9.52 0.16 0.88 9.76		
751.60 359.00 0.88 -5.13 -0.06 -0.19 -0.12 -0.01 -0.03 -0.24 -10.69 16.87 -34.06 0.13 0.88 9.53 0.16 0.88 9.76		
751.54 359.00 0.88 -5.13 0.12 -0.06 0.06 -0.02 -0.02 -0.23 -10.69 16.19 -34.50 0.13 0.85 9.52 0.16 0.88 9.76		
751.69 359.00 0.88 -5.13 0.00 0.31 0.00 -0.01 -0.02 -0.25 -10.69 16.19 -33.69 0.11 0.85 9.51 0.16 0.88 9.76		
751.62 359.00 0.88 -5.13 -0.12 -0.12 0.12 -0.02 -0.03 -0.24 -10.69 15.75 -34.06 0.13 0.84 9.51 0.16 0.88 9.76		
751.51 359.00 0.88 -5.13 -0.06 0.00 0.12 -0.02 0.00 -0.27 -11.38 15.75 -34.50 0.13 0.89 9.48 0.16 0.88 9.76		
751.47 359.00 0.88 -5.13 0.00 0.25 0.12 -0.02 -0.02 -0.25 -11.38 16.19 -33.69 0.12 0.86 9.51 0.16 0.88 9.76		
751.47 359.00 0.88 -5.13 -0.06 -0.06 -0.12 -0.02 0.00 -0.27 -11.00 16.19 -34.88 0.13 0.87 9.49 0.16 0.88 9.76		
751.46 359.00 0.88 -5.13 0.06 -0.12 -0.06 -0.02 -0.02 -0.26 -11.00 16.56 -34.88 0.13 0.85 9.50 0.16 0.88 9.76		
751.45 359.00 0.88 -5.13 -0.06 0.00 0.00 -0.03 -0.01 -0.24 -11.00 15.75 -34.50 0.13 0.87 9.51 0.16 0.88 9.76		
751.44 359.00 0.88 -5.13 0.06 0.00 -0.06 -0.01 0.00 -0.22 -11.38 16.19 -34.06 0.14 0.87 9.53 0.16 0.88 9.76		
751.50 359.00 0.88 -5.13 0.06 -0.12 0.06 -0.03 0.00 -0.23 -10.69 16.56 -35.25 0.12 0.87 9.53 0.16 0.88 9.76		
751.55 359.00 0.88 -5.13 -0.06 -0.25 0.06 -0.01 0.00 -0.27 -10.25 16.56 -34.50 0.13 0.86 9.52 0.16 0.88 9.76		
751.50 359.00 0.88 -5.13 0.06 -0.25 0.00 -0.03 -0.02 -0.27 -11.00 16.56 -34.06 0.12 0.85 9.49 0.16 0.88 9.76		
751.56 359.00 0.88 -5.13 -0.06 0.00 0.12 -0.05 0.00 -0.25 -11.75 15.75 -34.06 0.12 0.85 9.51 0.16 0.88 9.76		
751.69 359.00 0.88 -5.13 -0.12 0.06 -0.06 -0.01 -0.01 -0.24 -10.69 16.19 -34.50 0.14 0.86 9.52 0.16 0.88 9.76		
751.71 359.00 0.88 -5.13 0.00 -0.19 0.00 -0.04 0.00 -0.26 -11.38 16.19 -34.38 0.11 0.88 9.50 0.16 0.88 9.76		
751.63 359.00 0.88 -5.13 0.06 0.06 -0.12 -0.05 -0.03 -0.25 -10.69 16.19 -33.69 0.10 0.84 9.50 0.16 0.88 9.76		
751.66 359.00 0.88 -5.13 0.06 0.25 -0.12 -0.02 -0.01 -0.27 -11.00 16.56 -34.06 0.13 0.86 9.49 0.16 0.88 9.76		
751.78 359.00 0.88 -5.13 0.00 0.06 0.00 -0.02 -0.01 -0.23 -10.25 16.19 -34.50 0.11 0.86 9.55 0.16 0.88 9.76		
751.77 359.00 0.88 -5.13 -0.06 -0.06 0.12 -0.03 0.00 -0.24 -11.00 16.19 -33.69 0.12 0.87 9.52 0.16 0.88 9.76		
751.70 359.00 0.88 -5.13 0.00 -0.06 0.06 -0.03 -0.02 -0.25 -11.00 16.56 -34.06 0.12 0.85 9.51 0.16 0.88 9.76		
751.66 359.00 0.88 -5.13 -0.12 0.06 0.12 -0.01 0.00 -0.25 -11.38 15.38 -33.25 0.11 0.87 9.51 0.16 0.88 9.76		
751.72 359.00 0.88 -5.13 0.00 0.00 0.06 -0.02 -0.01 -0.21 -10.69 15.75 -33.69 0.13 0.86 9.54 0.16 0.88 9.76		
751.68 359.00 0.88 -5.13 -0.06 0.06 -0.19 -0.01 -0.02 -0.23 -11.38 16.19 -34.06 0.13 0.87 9.51 0.16 0.88 9.76		
751.60 359.00 0.88 -5.13 0.12 0.19 -0.06 -0.01 0.00 -0.21 -11.38 16.19 -33.69 0.14 0.87 9.55 0.16 0.88 9.76		
751.58 359.00 0.88 -5.13 -0.06 0.00 -0.06 0.00 -0.02 -0.27 -9.88 16.19 -32.88 0.15 0.85 9.49 0.16 0.88 9.76		
751.63 359.00 0.88 -5.13 0.06 0.12 -0.06 -0.02 -0.01 -0.22 -10.69 16.56 -33.69 0.14 0.86 9.52 0.16 0.88 9.76		
751.58 359.00 0.88 -5.13 0.00 0.00 -0.06 -0.04 -0.02 -0.26 -11.38 15.75 -34.88 0.11 0.85 9.50 0.16 0.88 9.76		
751.55 359.00 0.88 -5.13 0.12 -0.06 0.00 -0.03 -0.01 -0.25 -10.69 15.75 -33.25 0.12 0.86 9.50 0.16 0.88 9.76		
751.48 359.00 0.88 -5.13 -0.06 -0.12 -0.06 -0.03 -0.01 -0.23 -11.38 15.38 -34.50 0.15 0.87 9.51 0.16 0.88 9.76		
751.56 359.00 0.88 -5.13 -0.12 -0.06 -0.06 -0.03 -0.03 -0.22 -11.38 15.75 -32.50 0.12 0.84 9.53 0.16 0.88 9.76		
751.51 359.00 0.88 -5.13 0.00 -0.12 -0.06 -0.03 -0.01 -0.21 -11.38 16.56 -34.06 0.12 0.86 9.54 0.16 0.88 9.76		
751.44 359.00 0.88 -5.13 0.19 0.06 -0.12 -0.01 -0.01 -0.23 -11.00 16.87 -34.50 0.14 0.86 9.52 0.16 0.88 9.76		
751.33 359.00 0.88 -5.13 0.00 -0.06 -0.06 -0.02 -0.01 -0.25 -11.00 16.56 -34.06 0.13 0.86 9.51 0.16 0.88 9.76		
751.32 359.00 0.88 -5.13 -0.06 0.00 -0.06 -0.01 -0.02 -0.26 -11.00 16.56 -33.69 0.11 0.86 9.56 0.16 0.88 9.76		
751.30 359.00 0.88 -5.13 -0.12 -0.06 0.12 -0.03 -0.03 -0.25 -10.25 15.75 -34.50 0.12 0.84 9.51 0.16 0.88 9.76		
751.20 359.00 0.88 -5.13 0.06 0.06 0.06 -0.01 -0.03 -0.26 -11.00 16.56 -34.88 0.14 0.84 9.50 0.16 0.88 9.76		
751.15 359.00 0.88 -5.13 0.06 -0.06 0.06 -0.04 -0.03 -0.23 -10.69 16.87 -34.50 0.11 0.84 9.52 0.16 0.88 9.76		
751.18 359.00 0.88 -5.13 0.06 -0.06 0.12 -0.02 -0.02 -0.23 -10.69 15.75 -34.88 0.13 0.85 9.52 0.16 0.88 9.76		
751.23 359.00 0.88 -5.13 -0.06 0.00 0.12 -0.04 -0.01 -0.26 -11.00 15.75 -34.06 0.11 0.87 9.53 0.16 0.88 9.76		
751.18 359.00 0.88 -5.13 -0.06 0.94 -0.06 -0.14 -0.02 -0.88 -11.38 16.56 -33.25 0.00 0.85 8.87 0.15 0.88 9.76		
751.16 359.00 0.88 -5.13 0.00 -3.44 0.06 -0.53 0.09 -1.63 -6.25 10.19 -21.56 -0.38 0.97 8.13 0.14 0.88 9.76		
751.12 359.00 0.75 -5.13 0.06 6.56 0.00 -1.22 0.11 -1.00 -6.38 10.25 -20.25 -1.63 0.77 7.85 0.12 0.88 9.76		
751.27 359.00 1.06 -5.13 0.06 3.13 0.12 0.04 0.35 0.37 -7.00 9.38 -20.19 0.37 0.99 10.07 0.17 0.88 9.76		
753.70 359.06 0.94 -5.13 0.00 -3.69 0.44 0.78 0.36 0.93 -7.00 9.75 -20.19 0.96 1.24 10.69 0.17 0.88 9.76		
755.50 359.00 0.88 -5.13 0.06 -3.25 -0.44 -0.63 0.48 -1.50 -6.56 9.38 -19.75 -0.48 1.36 8.26 0.15 0.88 9.76		
757.95 359.06 0.81 -5.13 -0.12 3.19 0.12 -0.42 0.45 -1.20 -7.00 10.19 -21.37 -0.57 1.00 7.81 0.14 0.88 9.76		
760.38 359.06 0.56 -5.13 -0.19 2.81 0.44 -1.15 0.39 -0.83 -5.50 10.19 -21.00 -1.05 1.27 8.93 0.09 0.88 9.76		
756.64 359.06 0.88 -5.13 0.25 3.94 -0.31 0.86 0.37 2.00 -6.00 9.75 -19.37 1.01 1.25 11.76 0.15 0.88 9.76		
752.78 359.06 1.25 -5.13 -0.31 2.06 0.50 0.94 -0.08 0.79 -6.38 10.50 -19.37 1.33 1.07 12.25 0.21 0.88 9.76		
755.64 359.13 0.94 -5.13 -0.25 2.81 0.00 1.00 -0.52 1.72 -7.06 9.75 -20.19 1.17 0.35 11.49 0.16 0.88 9.76		
760.17 359.13 0.44 -5.13 0.12 -8.31 -0.75 -2.01 -0.24 -3.10 -6.38 10.50 -20.56 -0.56 0.33 9.58 0.09 0.88 9.76		
754.28 359.13 0.81 -5.13 0.12 -1.31 -1.06 -0.38 -0.43 0.70 -7.00 8.69 -21.00 -0.23 0.44 10.47 0.15 0.88 9.76		
740.03 359.13 1.25 -5.13 -0.19 9.94 -0.88 -0.64 -0.40 -1.31 -6.56 9.38 -20.56 -0.44 0.47 8.44 0.19 0.88 9.76		
747.90 359.13 0.63 -5.13 0.06 8.50 -1.81 2.42 -0.06 3.91 -6.19 10.50 -21.25 2.53 0.81 13.68 0.10 0.88 9.76		
753.02 359.13 0.75 -5.13 0.19 -2.00 -0.12 1.30 0.35 1.83 -6.56 10.19 -21.37 -0.31 0.89 8.52 0.13 0.88 9.76		
738.14 359.13 1.37 -5.13 0.12 5.19 0.06 1.38 0.64 3.13 -6.56 9.75 -19.50 1.62 1.52 12.89 0.23 0.88 9.76		
745.72 359.13 1.00 -5.13 0.06 2.13 -0.75 1.84 0.12 2.35 -7.06 9.38 -19.87 2.01 1.00 12.12 0.17 0.88 9.76		
763.75 359.19 0.50 -5.13 -0.12 -13.06 0.31 -0.16 0.00 -0.06 -6.69 10.19 -20.69 -0.06 0.89 9.70 0.09 0.88 9.76		
748.51 359.19 1.19 -5.13 -0.25 -12.13 0.63 -2.28 -0.48 -6.76 -6.25 9.38 -19.87 3.76 0.87 15.72 0.22 0.87 9.76		
742.46 359.19 0.88 -5.13 0.31 -0.69 -0.69 1.07 -0.81 3.73 -7.50 10.50 -19.56 1.23 0.06 13.49 0.15 0.88 9.76		
755.25 359.25 0.25 -5.13 0.19 -10.50 -1.81 0.29 -1.09 4.24 -6.38 10.19 -19.56 0.34 -0.21 14.01 0.05 0.88 9.76		
738.34 359.19 1.12 -5.13 -0.37 -8.38 -0.94 1.10 -0.81 0.10 -6.56 8.69 -20.87 1.32 0.06 9.86 0.21 0.88 9.76		
716.59 359.19 0.88 -5.13 0.19 -2.63 -1.44 -1.48 -0.88 -3.01 -7.00 9.38 -20.50 -1.32 0.00 6.75 0.16 0.88 9.76		
732.61 359.25 0.19 -5.13 0.25 -11.69 -2.00 -0.01 -0.78 3.98 -5.88 8.69 -20.87 1.44 -0.19 15.27 0.04 0.88 9.76		
726.65 359.25 1.19 -5.13 -0.25 -6.44 0.31 0.55 0.10 -1.28 -7.19 9.38 -20.19 0.77 0.98 8.47 0.22 0.88 9.76		
733.62 359.19 0.94 -5.13 0.63 -8.75 -0.63 1.18 0.35 4.31 -6.50 9.75 -21.50 1.35 1.24 14.07 0.16 0.88 9.76		
757.86 359.25 0.19 -5.13 0.12 -2.19 -1.50 -1.11 -1.05 -0.45 -6.88 9.38 -20.25 -0.86 -0.03 8.03 0.03 0.88 9.76		
733.21 359.19 1.19 -5.13 -0.25 -5.63 1.00 0.18 0.65 -2.63 -6.88 9.38 -21.19 0.39 1.53 7.12 0.21 0.88 9.76		
722.36 359.25 0.88 -5.13 0.25 -8.44 -0.06 2.40 0.44 5.75 -6.88 10.19 -20.00 2.56 1.32 15.52 0.15 0.88 9.76		
752.28 359.25 0.37 -5.13 -0.12 4.38 -0.69 -1.85 -0.75 -6.04 -7.25 9.38 -20.37 -1.78 0.12 3.72 0.06 0.88 9.76		
761.04 359.25 1.25 -5.13 -0.37 -11.94 -1.37 1.01 -0.73 0.63 -6.19 9.75 -21.19 1.90 -0.43 10.59 0.22 0.88 9.76		
732.80 359.25 0.69 -5.13 0.12 -13.06 -1.25 1.61 0.16 1.59 -6.25 9.38 -21.69 1.76 1.04 11.36 0.14 0.88 9.76		
732.59 359.31 0.63 -5.13 -0.12 5.38 -0.88 -1.18 0.78 -7.97 -6.56 10.19 -20.06 -1.07 1.67 1.79 0.10 0.88 9.76		
748.28 359.31 1.12 -5.13 -0.19 -22.31 0.25 1.46 0.50 3.31 -6.25 9.38 -22.50 1.08 0.45 9.90 0.22 0.88 9.76		
730.83 359.25 0.37 -5.13 0.06 -9.56 -0.12 -2.04 1.08 -3.25 -7.19 9.75 -20.87 -1.95 1.96 6.51 0.08 0.88 9.76		
725.03 359.31 0.69 -5.13 -0.12 9.94 0.19 0.88 1.19 -2.91 -6.69 9.75 -20.06 1.01 2.07 6.84 0.12 0.88 9.76		
744.55 359.31 1.00 -5.13 0.31 -27.06 1.50 1.33 0.89 0.80 -6.69 10.19 -20.87 1.99 1.13 12.80 0.22 0.88 9.76		
748.99 359.31 0.19 -5.13 -0.12 -5.19 -0.25 -4.29 -0.30 -5.63 -7.06 9.75 -20.50 -4.25 0.57 4.13 0.04 0.88 9.76		
749.94 359.31 0.37 -5.13 0.19 17.62 -0.69 -0.78 0.76 -0.66 -7.50 10.19 -20.87 -0.71 1.64 9.09 0.04 0.88 9.76		
756.00 359.38 1.44 -5.13 0.63 -25.19 -0.12 1.62 -0.11 -0.07 -7.06 9.38 -20.56 1.90 0.77 9.69 0.28 0.88 9.76		
765.66 359.38 0.31 -5.13 -0.12 -3.38 1.37 -1.84 0.42 -3.46 -7.50 9.38 -20.69 -1.78 1.31 6.29 0.06 0.88 9.76		
765.66 359.38 0.19 -5.19 0.12 5.00 0.44 -1.05 0.33 -1.71 -7.06 10.19 -21.06 -1.02 1.22 8.04 0.03 0.88 9.76		
756.31 359.38 0.94 -5.19 -0.50 -5.69 3.00 -2.80 0.31 -5.91 -6.38 8.69 -21.50 -1.03 2.44 8.75 0.17 0.88 9.76		
742.33 359.38 0.50 -5.19 0.25 10.81 0.25 -2.27 0.58 -4.75 -6.56 9.38 -21.19 -2.19 1.47 5.01 0.07 0.88 9.76		
733.90 359.38 0.37 -5.13 -0.63 4.88 1.12 -4.10 0.28 -7.11 -5.88 9.38 -20.37 -4.03 1.17 2.65 0.07 0.88 9.76		
738.83 359.44 0.50 -5.13 -0.63 -7.06 1.25 -4.85 -0.25 -10.13 -6.25 9.75 -19.87 -4.75 0.63 -0.36 0.09 0.88 9.76		
733.42 359.44 0.75 -5.13 0.06 20.62 -1.75 -0.22 -0.47 0.88 -7.38 10.50 -20.00 -2.28 -0.61 4.17 0.10 0.88 9.76		
739.61 359.44 0.69 -5.13 -0.50 9.06 0.19 -2.28 -0.87 -6.07 -6.38 9.75 -22.75 -2.17 0.01 3.68 0.11 0.88 9.76		
745.54 359.50 0.44 -5.13 0.06 -13.75 -1.37 -0.37 -1.42 0.85 -7.19 10.19 -22.00 -0.29 -0.53 10.62 0.08 0.88 9.76		
744.24 359.50 0.56 -5.13 -0.25 18.56 -1.12 -2.69 -0.91 -3.49 -8.25 9.75 -21.56 -2.61 -0.02 6.26 0.07 0.88 9.76		
756.39 359.44 0.37 -5.13 -0.69 14.44 0.06 -3.31 -0.41 -6.68 -6.69 9.75 -20.87 -3.24 0.47 3.07 0.07 0.88 9.76		
759.65 359.50 0.81 -5.13 -0.19 -17.50 0.37 -1.02 -0.50 -0.51 -6.38 10.19 -22.06 1.00 1.80 13.54 0.17 0.88 9.76		
757.53 359.50 0.25 -5.13 -0.63 20.75 -1.81 -3.46 -1.43 -7.75 -7.25 9.38 -20.87 -3.44 -0.55 2.01 0.01 0.88 9.76		
763.21 359.44 1.06 -5.13 1.56 -7.56 -0.50 5.77 0.63 12.40 -6.56 10.19 -20.87 5.95 1.51 22.17 0.18 0.88 9.76		
752.53 359.56 1.19 -5.13 0.44 -22.00 -1.75 0.48 0.04 -4.68 -6.88 10.19 -20.06 6.02 0.36 20.18 0.24 0.88 9.76		
767.68 359.56 -0.25 -5.19 -0.44 -5.38 2.00 0.03 0.05 6.48 -7.19 9.38 -20.50 0.00 0.94 16.25 -0.03 0.88 9.76		
738.59 359.50 0.94 -5.19 0.00 51.81 -8.75 9.09 -4.41 2.56 -8.56 8.69 -21.37 9.26 -3.52 12.33 0.16 0.88 9.76		
756.35 359.44 0.25 -5.19 1.25 -46.63 -3.75 3.85 1.47 -0.04 -5.88 10.38 -21.56 6.17 2.92 17.57 0.12 0.89 9.76		
765.35 359.50 0.12 -5.19 -0.44 19.94 1.88 -1.07 -0.82 1.07 -7.38 10.06 -20.87 -2.59 1.27 7.92 0.00 0.89 9.76		
765.26 359.44 0.69 -5.19 -1.25 -21.94 4.75 0.79 -0.94 4.47 -6.38 9.69 -21.25 0.95 -0.05 14.24 0.15 0.88 9.76		
762.61 359.50 0.00 -5.19 -0.37 -18.25 -1.50 -3.44 -2.17 -5.47 -7.88 9.25 -21.37 -3.44 -1.28 4.29 0.00 0.88 9.76		
766.02 359.44 0.00 -5.19 -0.06 17.69 -0.94 -1.56 0.86 -5.75 -7.50 9.69 -22.50 -2.07 0.77 3.25 0.00 0.88 9.76		
762.67 359.38 0.56 -5.19 -0.12 4.00 0.44 0.25 1.09 1.58 -7.00 10.06 -20.87 0.35 1.98 11.35 0.09 0.88 9.76		
768.77 359.44 0.31 -5.19 0.12 -6.81 0.56 0.77 0.84 0.35 -6.56 8.56 -19.25 0.83 1.73 10.11 0.05 0.88 9.76		
776.39 359.50 0.25 -5.19 -0.06 0.75 0.75 -0.14 0.24 -0.89 -6.06 9.69 -22.06 -0.28 1.34 8.94 0.04 0.88 9.76		
752.57 359.50 0.31 -5.19 0.06 2.13 0.25 -0.35 0.24 -0.48 -5.69 9.25 -20.87 -0.30 1.13 9.27 0.05 0.88 9.76		
751.62 359.56 0.25 -5.19 -0.06 2.31 0.25 0.26 0.15 -0.18 -7.19 10.38 -22.50 0.11 1.17 9.48 0.04 0.88 9.76		
761.68 359.56 0.25 -5.19 0.00 -1.06 0.06 0.17 0.11 0.09 -6.75 9.69 -22.06 0.22 1.00 9.85 0.04 0.88 9.76		
738.79 359.56 0.25 -5.19 -0.06 -0.69 0.56 0.32 -0.04 0.00 -6.50 9.69 -23.25 0.37 0.84 9.77 0.04 0.88 9.76		
731.27 359.56 0.25 -5.19 0.00 -0.63 0.19 0.14 0.11 0.01 -6.50 10.06 -22.06 0.19 1.00 9.77 0.05 0.88 9.76		
741.23 359.56 0.25 -5.19 0.06 -0.31 0.12 0.03 0.04 -0.42 -6.06 10.38 -21.25 0.08 0.92 9.34 0.04 0.88 9.76		
721.97 359.56 0.31 -5.19 0.12 0.69 0.00 0.00 -0.02 -0.28 -7.19 10.38 -22.06 0.04 0.86 9.48 0.05 0.88 9.76		
731.46 359.56 0.31 -5.19 0.00 0.12 -0.19 0.10 0.05 -0.27 -7.19 9.25 -22.06 0.15 0.93 9.49 0.05 0.88 9.76		
718.61 359.50 0.31 -5.19 0.00 0.56 0.00 0.06 0.00 -0.18 -7.19 9.25 -22.06 0.12 0.88 9.57 0.06 0.88 9.76		
731.41 359.50 0.31 -5.19 0.06 -0.31 0.06 0.15 -0.07 -0.16 -7.19 9.69 -21.69 0.22 0.81 9.60 0.06 0.88 9.76		
718.79 359.50 0.37 -5.13 0.06 -0.06 0.06 0.04 -0.06 -0.27 -6.75 8.88 -21.69 0.11 0.84 9.54 0.06 0.88 9.76		
715.06 359.50 0.37 -5.13 -0.06 0.00 0.12 0.08 0.00 -0.27 -7.56 9.69 -21.69 0.14 0.87 9.49 0.06 0.88 9.76		
706.86 359.50 0.37 -5.13 0.06 0.12 -0.12 0.04 -0.01 -0.26 -6.75 10.38 -22.06 0.11 0.87 9.50 0.06 0.88 9.76		
713.20 359.50 0.37 -5.13 0.06 0.31 -0.12 0.06 -0.05 -0.23 -7.19 9.25 -21.69 0.13 0.82 9.52 0.07 0.88 9.76		
718.17 359.50 0.37 -5.13 0.12 0.19 -0.31 0.09 -0.08 -0.24 -6.75 10.06 -21.69 0.14 0.85 9.54 0.07 0.88 9.76		
717.92 359.50 0.37 -5.13 -0.06 -0.31 0.12 0.09 -0.03 -0.21 -7.56 9.69 -21.25 0.16 0.85 9.54 0.07 0.88 9.76		
717.31 359.50 0.37 -5.13 0.00 -0.12 0.00 0.01 -0.06 -0.32 -7.56 9.25 -22.87 0.13 0.84 9.57 0.07 0.88 9.76		
718.45 359.50 0.37 -5.13 -0.06 -0.12 0.00 0.07 -0.02 -0.27 -8.25 9.25 -22.87 0.14 0.85 9.49 0.07 0.88 9.76		
717.53 359.50 0.37 -5.13 -0.06 -0.19 -0.12 0.06 -0.07 -0.24 -7.19 8.88 -20.87 0.13 0.81 9.52 0.07 0.88 9.76		
715.79 359.50 0.37 -5.13 0.06 -0.12 0.06 0.08 -0.03 -0.21 -7.19 10.06 -22.06 0.15 0.85 9.54 0.07 0.88 9.76		
715.45 359.50 0.37 -5.13 0.00 -0.06 0.00 0.07 -0.02 -0.23 -6.75 9.25 -22.75 0.14 0.86 9.53 0.07 0.88 9.76		
718.04 359.50 0.37 -5.13 0.06 0.00 0.00 0.04 -0.03 -0.27 -7.56 9.25 -22.75 0.11 0.84 9.49 0.07 0.88 9.76		
720.15 359.50 0.37 -5.13 0.06 0.00 -0.06 0.05 -0.01 -0.24 -7.19 10.06 -21.69 0.12 0.86 9.51 0.07 0.88 9.76		
720.71 359.50 0.37 -5.13 -0.06 0.12 0.00 0.07 -0.03 -0.18 -6.75 9.69 -22.50 0.14 0.85 9.58 0.07 0.88 9.76		
720.02 359.50 0.37 -5.13 0.00 -0.12 0.06 0.07 -0.02 -0.24 -6.75 10.06 -23.69 0.14 0.87 9.51 0.07 0.88 9.76		
719.41 359.50 0.37 -5.13 0.00 -0.06 0.12 0.08 -0.03 -0.23 -7.88 10.06 -21.25 0.15 0.84 9.53 0.07 0.88 9.76		
720.00 359.50 0.37 -5.13 0.06 -0.06 0.00 0.07 0.00 -0.27 -6.75 9.25 -22.87 0.14 0.88 9.49 0.07 0.88 9.76		
720.25 359.50 0.37 -5.13 0.00 0.06 -0.06 0.03 -0.01 -0.27 -7.56 9.25 -21.69 0.12 0.87 9.51 0.07 0.88 9.76		
720.79 359.50 0.37 -5.13 -0.12 0.00 0.06 0.06 0.00 -0.24 -6.75 9.25 -22.75 0.13 0.88 9.51 0.07 0.88 9.76		
720.52 359.50 0.37 -5.13 0.00 0.12 -0.06 0.06 -0.04 -0.26 -7.19 9.69 -22.50 0.13 0.83 9.50 0.07 0.88 9.76		
720.26 359.50 0.37 -5.13 0.12 0.12 -0.25 0.05 -0.03 -0.25 -7.88 8.88 -21.69 0.12 0.85 9.50 0.07 0.88 9.76		
719.26 359.50 0.37 -5.13 0.00 -0.12 -0.12 0.06 -0.01 -0.20 -7.19 10.06 -22.50 0.13 0.86 9.56 0.07 0.88 9.76		
718.17 359.50 0.37 -5.13 0.06 0.19 -0.06 0.06 -0.01 -0.25 -7.56 9.25 -21.69 0.13 0.87 9.51 0.07 0.88 9.76		
717.11 359.50 0.37 -5.13 0.00 -0.06 0.00 0.07 -0.01 -0.26 -6.75 9.69 -22.06 0.12 0.85 9.51 0.07 0.88 9.76		
717.43 359.50 0.37 -5.13 0.06 -0.06 0.06 0.06 -0.01 -0.24 -7.56 10.06 -22.06 0.13 0.87 9.51 0.07 0.88 9.76		
718.37 359.50 0.37 -5.13 0.00 0.00 0.00 0.04 -0.02 -0.27 -7.19 10.06 -21.69 0.11 0.86 9.49 0.07 0.88 9.76		
719.25 359.50 0.37 -5.13 -0.06 0.06 0.12 0.05 -0.02 -0.25 -6.75 10.06 -22.06 0.12 0.85 9.50 0.07 0.88 9.76		
719.84 359.50 0.37 -5.13 -0.12 0.00 0.06 0.07 0.00 -0.25 -7.88 9.69 -20.87 0.14 0.87 9.51 0.07 0.88 9.76		
719.74 359.50 0.37 -5.13 0.00 0.12 -0.06 0.07 -0.04 -0.25 -7.56 10.38 -21.25 0.15 0.83 9.50 0.07 0.88 9.76		
720.02 359.50 0.37 -5.13 -0.06 -0.12 -0.06 0.07 -0.01 -0.27 -7.19 9.69 -21.69 0.14 0.86 9.49 0.07 0.88 9.76		
728.75 359.50 0.37 -5.13 0.00 0.00 -0.06 0.06 -0.01 -0.22 -7.56 9.25 -21.69 0.13 0.86 9.53 0.07 0.88 9.76		
727.98 359.50 0.37 -5.13 -0.12 -0.06 0.00 0.06 0.00 -0.26 -7.19 9.25 -21.69 0.12 0.82 9.51 0.07 0.88 9.76		
727.42 359.50 0.37 -5.13 0.12 0.12 -0.06 0.05 0.00 -0.24 -7.19 8.88 -22.06 0.12 0.88 9.51 0.07 0.88 9.76		
727.59 359.50 0.37 -5.13 0.06 0.00 -0.06 0.06 -0.01 -0.25 -7.56 9.69 -22.06 0.13 0.87 9.51 0.07 0.88 9.76		
728.17 359.50 0.37 -5.13 -0.12 0.06 -0.06 0.07 -0.02 -0.25 -6.50 9.25 -22.50 0.14 0.87 9.49 0.07 0.88 9.76		
728.61 359.50 0.37 -5.13 0.00 0.12 0.06 0.07 -0.02 -0.24 -7.19 9.25 -21.69 0.14 0.86 9.51 0.07 0.88 9.76		
728.96 359.50 0.37 -5.13 0.06 0.00 -0.12 0.04 0.00 -0.24 -7.19 9.69 -21.69 0.11 0.88 9.51 0.07 0.88 9.76		
729.18 359.50 0.37 -5.13 0.12 0.06 -0.06 0.05 -0.03 -0.24 -6.75 8.88 -22.50 0.12 0.84 9.52 0.07 0.88 9.76		
729.18 359.50 0.37 -5.13 -0.12 0.00 0.06 0.07 -0.04 -0.25 -6.75 9.69 -21.69 0.15 0.84 9.50 0.07 0.88 9.76		
729.20 359.50 0.37 -5.13 0.06 -0.12 -0.12 0.03 -0.04 -0.33 -7.19 8.88 -22.75 0.10 0.84 9.42 0.07 0.88 9.76		
729.50 359.50 0.37 -5.13 0.00 -0.19 0.06 0.02 -0.01 -0.28 -7.56 9.69 -21.25 0.15 0.88 9.53 0.07 0.88 9.76		
729.79 359.50 0.37 -5.13 0.06 0.00 -0.06 0.03 -0.03 -0.26 -7.19 9.25 -22.06 0.11 0.85 9.50 0.07 0.88 9.76		
729.93 359.50 0.37 -5.13 0.06 -0.12 0.00 0.01 -0.03 -0.30 -6.75 8.88 -22.50 0.08 0.84 9.46 0.07 0.88 9.76		
729.80 359.50 0.37 -5.13 0.12 0.19 0.19 0.06 -0.05 -0.20 -7.88 9.25 -22.06 0.11 0.86 9.55 0.07 0.88 9.76		
729.56 359.50 0.37 -5.13 -0.12 -0.06 0.00 0.11 -0.02 -0.18 -7.19 10.06 -22.87 0.19 0.85 9.57 0.07 0.88 9.76		
729.24 359.50 0.37 -5.13 -0.06 -0.12 -0.06 0.10 -0.06 -0.17 -7.88 10.06 -22.50 0.17 0.82 9.58 0.07 0.88 9.76		
728.88 359.50 0.37 -5.13 0.06 0.06 -0.19 0.05 -0.08 -0.23 -6.75 10.38 -22.06 0.12 0.79 9.52 0.07 0.88 9.76		
718.99 359.50 0.37 -5.13 0.06 -0.06 0.00 0.05 -0.07 -0.21 -6.50 9.25 -23.25 0.12 0.80 9.54 0.07 0.88 9.76		
718.69 359.50 0.37 -5.13 0.00 -0.12 -0.12 0.05 -0.06 -0.26 -6.75 9.69 -22.50 0.11 0.80 9.52 0.07 0.88 9.76		
719.03 359.50 0.37 -5.13 0.00 0.00 -0.06 0.07 -0.05 -0.27 -7.88 8.88 -21.69 0.14 0.82 9.49 0.07 0.88 9.76		
719.38 359.50 0.37 -5.13 0.00 0.06 0.00 0.04 -0.03 -0.31 -6.75 9.25 -21.69 0.11 0.84 9.44 0.07 0.88 9.76		
719.69 359.50 0.37 -5.13 0.25 0.31 -0.25 0.06 -0.03 -0.24 -7.19 9.69 -21.69 0.13 0.84 9.48 0.07 0.88 9.76		
719.67 359.50 0.37 -5.13 -0.12 -0.06 -0.12 0.07 -0.02 -0.18 -6.75 10.06 -22.50 0.14 0.85 9.57 0.07 0.88 9.76		
719.41 359.50 0.37 -5.13 -0.12 -0.25 -0.06 0.12 -0.03 -0.19 -6.75 9.25 -23.25 0.20 0.85 9.56 0.07 0.88 9.76		
718.96 359.50 0.37 -5.13 0.06 -0.12 0.00 0.05 -0.01 -0.21 -7.88 10.06 -21.69 0.13 0.82 9.54 0.07 0.88 9.76		
718.57 359.50 0.37 -5.13 0.06 0.06 -0.06 0.08 -0.06 -0.24 -6.50 9.69 -21.25 0.15 0.81 9.51 0.07 0.88 9.76		
718.25 359.50 0.37 -5.13 0.00 -0.25 0.00 0.05 0.00 -0.26 -6.50 9.69 -22.50 0.12 0.88 9.50 0.07 0.88 9.76		
718.08 359.50 0.37 -5.13 0.06 -0.06 0.00 0.06 0.00 -0.27 -6.75 9.25 -22.06 0.13 0.87 9.52 0.07 0.88 9.76		
718.08 359.50 0.37 -5.13 0.00 -0.06 -0.19 0.05 -0.04 -0.25 -7.56 10.38 -22.50 0.12 0.83 9.50 0.07 0.88 9.76		
718.21 359.50 0.37 -5.13 -0.19 0.06 -0.06 0.07 -0.02 -0.26 -7.56 10.06 -21.25 0.14 0.85 9.50 0.07 0.88 9.76		
718.46 359.50 0.37 -5.13 0.00 0.12 -0.06 0.07 -0.05 -0.24 -6.06 9.25 -22.06 0.14 0.83 9.52 0.07 0.88 9.76		
718.74 359.50 0.37 -5.13 0.06 0.12 -0.12 0.05 -0.02 -0.25 -7.19 10.06 -22.50 0.12 0.86 9.50 0.07 0.88 9.76		
718.94 359.50 0.37 -5.13 0.06 -0.06 0.00 0.05 -0.04 -0.25 -6.50 9.25 -21.25 0.12 0.84 9.51 0.07 0.88 9.76		
719.18 359.50 0.37 -5.13 0.00 0.25 -0.06 0.07 -0.04 -0.23 -7.56 8.88 -21.25 0.15 0.84 9.52 0.07 0.88 9.76		
719.31 359.50 0.37 -5.13 0.00 0.19 -0.06 0.07 -0.02 -0.23 -6.75 9.25 -22.75 0.14 0.86 9.53 0.07 0.88 9.76		
719.31 359.50 0.37 -5.13 0.00 0.06 0.00 0.06 -0.02 -0.28 -6.75 9.25 -22.06 0.13 0.85 9.54 0.07 0.88 9.76		
719.20 359.50 0.37 -5.13 -0.06 0.19 -0.12 0.08 -0.03 -0.24 -6.50 10.06 -20.87 0.15 0.85 9.52 0.07 0.88 9.76		
718.87 359.50 0.37 -5.13 0.00 0.00 0.00 0.06 -0.04 -0.24 -7.56 9.25 -22.50 0.13 0.84 9.52 0.07 0.88 9.76		
718.57 359.50 0.37 -5.13 0.00 0.19 -0.06 0.05 -0.04 -0.26 -7.19 9.69 -21.25 0.14 0.87 9.51 0.07 0.88 9.76		
718.33 359.50 0.37 -5.13 0.00 -0.12 0.06 0.03 -0.02 -0.26 -7.19 9.25 -20.87 0.11 0.85 9.50 0.07 0.88 9.76		
718.31 359.50 0.37 -5.13 0.06 0.00 -0.06 0.06 -0.02 -0.25 -6.75 9.25 -21.69 0.13 0.86 9.50 0.07 0.88 9.76		
718.52 359.50 0.37 -5.13 0.06 0.12 -0.12 0.07 -0.02 -0.25 -6.75 9.69 -21.69 0.15 0.86 9.50 0.07 0.88 9.76		
718.89 359.50 0.37 -5.13 0.06 0.25 0.06 0.07 -0.01 -0.26 -6.50 9.69 -21.25 0.14 0.87 9.50 0.07 0.88 9.76		
719.05 359.50 0.37 -5.13 0.00 0.00 0.12 0.05 0.01 -0.23 -6.50 9.69 -22.50 0.12 0.90 9.53 0.07 0.88 9.76		
719.13 359.50 0.37 -5.13 0.06 0.06 0.12 0.07 -0.05 -0.23 -7.56 10.38 -22.06 0.15 0.87 9.51 0.07 0.88 9.76		
719.03 359.50 0.37 -5.13 0.00 -0.06 0.12 0.07 -0.01 -0.22 -6.50 9.69 -22.50 0.14 0.87 9.53 0.07 0.88 9.76		
718.63 359.50 0.37 -5.13 -0.06 -0.06 -0.06 0.06 -0.02 -0.27 -6.50 10.06 -21.69 0.13 0.86 9.49 0.07 0.88 9.76		
718.19 359.50 0.37 -5.13 -0.12 0.06 0.06 0.04 -0.02 -0.25 -6.75 10.06 -21.25 0.16 0.87 9.51 0.07 0.88 9.76		
717.96 359.50 0.37 -5.13 0.06 -0.19 -0.12 0.06 -0.01 -0.22 -7.56 9.69 -20.87 0.13 0.86 9.53 0.07 0.88 9.76		
717.80 359.50 0.37 -5.13 0.06 0.12 0.06 0.04 -0.03 -0.23 -7.19 9.69 -22.06 0.11 0.85 9.53 0.07 0.88 9.76		
717.82 359.50 0.37 -5.13 -0.06 -0.12 0.00 0.06 -0.03 -0.24 -6.75 8.88 -20.87 0.13 0.85 9.51 0.07 0.88 9.76		
717.99 359.50 0.37 -5.13 0.00 0.31 0.00 0.05 0.00 -0.24 -6.75 9.25 -22.06 0.12 0.87 9.51 0.07 0.88 9.76		
718.10 359.50 0.37 -5.13 0.00 0.19 -0.06 0.07 -0.02 -0.27 -6.50 10.06 -22.06 0.14 0.86 9.50 0.07 0.88 9.76		
718.23 359.50 0.37 -5.13 0.12 0.06 -0.12 0.07 -0.02 -0.23 -6.50 9.69 -21.69 0.14 0.86 9.53 0.07 0.88 9.76		
718.33 359.50 0.37 -5.13 0.00 0.06 0.00 0.07 -0.04 -0.27 -7.19 10.38 -22.87 0.15 0.84 9.49 0.07 0.88 9.76		
718.41 359.50 0.37 -5.13 0.00 0.00 0.06 0.06 -0.02 -0.24 -7.56 8.56 -22.87 0.13 0.85 9.53 0.07 0.88 9.76		
718.30 359.50 0.37 -5.13 0.00 -0.06 -0.06 0.06 -0.01 -0.26 -6.50 10.06 -21.69 0.13 0.87 9.50 0.07 0.88 9.76		
718.16 359.50 0.37 -5.13 0.12 0.06 -0.06 0.07 -0.04 -0.24 -6.75 9.25 -22.06 0.14 0.83 9.51 0.07 0.88 9.76		
717.94 359.50 0.37 -5.13 0.00 -0.06 -0.06 0.06 -0.02 -0.24 -7.19 10.06 -21.69 0.13 0.85 9.51 0.07 0.88 9.76		
717.81 359.50 0.37 -5.13 0.06 0.00 0.00 0.06 -0.02 -0.23 -6.06 10.06 -22.50 0.13 0.86 9.53 0.07 0.88 9.76		
717.78 359.50 0.37 -5.13 0.00 0.19 -0.06 0.07 -0.03 -0.25 -6.75 9.69 -23.69 0.15 0.84 9.50 0.07 0.88 9.76		
717.89 359.50 0.37 -5.13 -0.06 0.06 -0.06 0.06 -0.02 -0.25 -6.75 10.06 -21.69 0.14 0.86 9.51 0.07 0.88 9.76		
718.05 359.50 0.37 -5.13 0.00 0.06 0.06 0.05 -0.04 -0.22 -6.06 10.38 -22.50 0.12 0.84 9.54 0.07 0.88 9.76		
718.24 359.50 0.37 -5.13 0.00 0.00 0.06 0.05 -0.02 -0.25 -6.06 9.69 -22.87 0.12 0.85 9.50 0.07 0.88 9.76		
718.36 359.50 0.37 -5.13 -0.06 0.00 -0.06 0.06 -0.02 -0.22 -7.56 8.88 -21.69 0.14 0.87 9.53 0.07 0.88 9.76		
718.41 359.50 0.37 -5.13 -0.06 0.00 -0.06 0.07 -0.03 -0.26 -7.88 9.25 -22.06 0.14 0.84 9.50 0.07 0.88 9.76		
718.40 359.50 0.37 -5.13 0.12 0.12 0.00 0.07 -0.02 -0.24 -6.75 8.88 -23.25 0.14 0.86 9.51 0.07 0.88 9.76		
718.31 359.50 0.37 -5.13 0.00 -0.06 0.06 0.07 -0.05 -0.22 -7.56 10.06 -21.69 0.14 0.82 9.53 0.07 0.88 9.76		
718.15 359.50 0.37 -5.13 0.00 -0.06 -0.12 0.07 0.00 -0.23 -7.19 9.69 -22.06 0.14 0.87 9.53 0.07 0.88 9.76		
718.08 359.50 0.37 -5.13 0.06 -0.06 -0.06 0.07 -0.01 -0.24 -6.06 9.69 -22.50 0.13 0.84 9.55 0.07 0.88 9.76		
718.05 359.50 0.37 -5.13 0.12 0.00 -0.06 0.06 -0.02 -0.23 -7.56 9.69 -22.75 0.13 0.86 9.52 0.07 0.88 9.76		
718.08 359.50 0.37 -5.13 0.06 -0.06 0.06 0.05 -0.03 -0.25 -7.19 10.06 -21.25 0.12 0.85 9.50 0.07 0.88 9.76		
718.22 359.50 0.37 -5.13 -0.06 0.00 0.06 0.08 -0.01 -0.25 -6.75 8.88 -21.25 0.13 0.87 9.54 0.07 0.88 9.76		
718.39 359.50 0.37 -5.13 0.19 0.06 -0.06 0.06 -0.01 -0.26 -6.75 9.25 -22.06 0.13 0.86 9.50 0.07 0.88 9.76		
718.51 359.50 0.37 -5.13 0.00 -0.06 -0.06 0.07 -0.01 -0.24 -7.19 9.25 -21.25 0.14 0.87 9.52 0.07 0.88 9.76		
718.56 359.50 0.37 -5.13 0.00 -0.12 0.06 0.05 -0.02 -0.27 -7.19 8.88 -22.50 0.12 0.86 9.49 0.07 0.88 9.76		
718.53 359.50 0.37 -5.13 0.12 0.00 -0.06 0.07 -0.02 -0.22 -7.19 9.25 -22.06 0.14 0.85 9.54 0.07 0.88 9.76		
718.45 359.50 0.37 -5.13 0.12 -0.06 0.00 0.05 -0.03 -0.22 -7.56 8.88 -22.50 0.12 0.85 9.54 0.07 0.88 9.76		
718.30 359.50 0.37 -5.13 0.06 -0.25 0.00 0.06 -0.01 -0.23 -6.75 9.69 -20.87 0.14 0.85 9.51 0.07 0.88 9.76		
718.21 359.50 0.37 -5.13 0.06 -0.06 -0.06 0.05 -0.03 -0.24 -6.75 9.25 -20.87 0.12 0.84 9.52 0.07 0.88 9.76		
718.19 359.50 0.37 -5.13 -0.06 0.06 0.06 0.05 -0.02 -0.22 -7.88 9.25 -21.69 0.12 0.85 9.53 0.07 0.88 9.76		
718.20 359.50 0.37 -5.13 -0.06 -0.12 0.00 0.07 -0.03 -0.25 -6.75 9.69 -22.06 0.15 0.85 9.50 0.07 0.88 9.76		
718.30 359.50 0.37 -5.13 0.06 -0.19 0.00 0.06 -0.04 -0.24 -6.50 9.69 -22.50 0.13 0.84 9.51 0.07 0.88 9.76		
718.42 359.50 0.37 -5.13 0.06 -0.06 0.12 0.06 -0.01 -0.25 -6.50 9.69 -21.25 0.13 0.87 9.50 0.07 0.88 9.76		
718.52 359.50 0.37 -5.13 -0.06 0.00 -0.12 0.05 -0.03 -0.24 -7.19 9.25 -22.06 0.12 0.84 9.52 0.07 0.88 9.76		
718.60 359.50 0.37 -5.13 0.06 0.00 0.06 0.05 -0.02 -0.21 -8.25 9.69 -22.50 0.12 0.86 9.54 0.07 0.88 9.76		
718.63 359.50 0.37 -5.13 0.06 -0.12 -0.06 0.06 0.00 -0.24 -6.75 9.69 -21.69 0.12 0.85 9.52 0.07 0.88 9.76		
718.55 359.50 0.37 -5.13 0.06 -0.06 -0.06 0.07 -0.04 -0.26 -6.50 9.25 -20.87 0.14 0.84 9.50 0.07 0.88 9.76		
718.50 359.50 0.37 -5.13 0.12 0.12 -0.12 0.07 -0.02 -0.26 -7.19 9.69 -21.25 0.14 0.85 9.50 0.07 0.88 9.76		
718.46 359.50 0.37 -5.13 -0.06 0.25 -0.12 0.04 -0.01 -0.23 -8.25 9.25 -22.06 0.13 0.85 9.51 0.07 0.88 9.76		
718.40 359.50 0.37 -5.13 -0.06 0.00 -0.06 0.07 -0.02 -0.27 -7.19 10.06 -21.69 0.14 0.86 9.49 0.07 0.88 9.76		
718.36 359.50 0.37 -5.13 -0.06 0.06 0.00 0.06 -0.02 -0.24 -6.75 9.69 -22.50 0.13 0.85 9.51 0.07 0.88 9.76		
718.38 359.50 0.37 -5.13 0.06 0.06 0.00 0.06 -0.03 -0.23 -7.19 9.25 -21.69 0.14 0.85 9.50 0.07 0.88 9.76		
718.41 359.50 0.37 -5.13 0.00 0.19 -0.06 0.07 -0.03 -0.23 -7.56 9.69 -21.00 0.14 0.85 9.53 0.07 0.88 9.76		
718.51 359.50 0.37 -5.13 0.00 0.00 -0.06 0.04 -0.02 -0.23 -6.50 9.25 -22.87 0.11 0.85 9.53 0.07 0.88 9.76		
718.56 359.50 0.37 -5.13 0.00 0.00 0.06 0.06 -0.03 -0.25 -6.75 9.25 -22.87 0.12 0.86 9.52 0.07 0.88 9.76		
718.58 359.50 0.37 -5.13 -0.06 -0.06 0.00 0.06 -0.05 -0.24 -6.06 8.88 -22.06 0.13 0.83 9.52 0.07 0.88 9.76		
718.53 359.50 0.37 -5.13 0.00 0.00 0.00 0.05 -0.01 -0.25 -6.75 9.69 -21.69 0.12 0.87 9.50 0.07 0.88 9.76		
718.50 359.50 0.37 -5.13 0.00 -0.12 -0.12 0.05 0.00 -0.24 -6.06 10.06 -22.50 0.14 0.84 9.52 0.07 0.88 9.76		
718.44 359.50 0.37 -5.13 0.00 0.00 -0.06 0.05 -0.01 -0.24 -7.56 9.69 -21.69 0.12 0.86 9.52 0.07 0.88 9.76		
718.41 359.50 0.37 -5.13 0.00 -0.06 0.06 0.06 -0.04 -0.22 -6.50 9.25 -22.06 0.13 0.84 9.53 0.07 0.88 9.76		
718.41 359.50 0.37 -5.13 0.00 0.12 0.06 0.07 -0.03 -0.27 -6.50 9.25 -21.69 0.14 0.84 9.49 0.07 0.88 9.76		
718.42 359.50 0.37 -5.13 0.00 -0.06 0.00 0.06 -0.02 -0.21 -6.75 9.25 -21.69 0.13 0.86 9.54 0.07 0.88 9.76		
718.46 359.50 0.37 -5.13 0.00 0.12 -0.19 0.07 -0.04 -0.24 -6.75 10.06 -21.25 0.13 0.84 9.51 0.07 0.88 9.76		
718.52 359.50 0.37 -5.13 0.12 -0.06 0.06 0.06 -0.03 -0.21 -7.19 9.69 -21.69 0.13 0.84 9.55 0.07 0.88 9.76		
718.54 359.50 0.37 -5.13 0.00 0.06 0.00 0.06 0.00 -0.24 -6.75 9.25 -22.87 0.13 0.87 9.51 0.07 0.88 9.76		
718.55 359.50 0.37 -5.13 0.00 0.00 -0.12 0.07 -0.02 -0.23 -6.75 8.56 -22.50 0.14 0.87 9.53 0.07 0.88 9.76		
718.55 359.50 0.37 -5.13 0.06 -0.06 0.06 0.05 -0.01 -0.26 -7.56 8.88 -22.50 0.12 0.87 9.50 0.07 0.88 9.76		
718.54 359.50 0.37 -5.13 0.00 0.19 -0.06 0.06 -0.02 -0.26 -7.19 9.69 -22.75 0.13 0.86 9.50 0.07 0.88 9.76		
718.53 359.50 0.37 -5.13 -0.06 0.00 -0.06 0.06 0.00 -0.25 -6.50 9.25 -21.25 0.13 0.89 9.50 0.07 0.88 9.76		
718.50 359.50 0.37 -5.13 0.00 -0.12 0.06 0.06 -0.03 -0.24 -6.75 10.06 -22.06 0.13 0.85 9.52 0.07 0.88 9.76		
718.51 359.50 0.37 -5.13 0.06 -0.06 -0.06 0.06 -0.03 -0.27 -7.88 8.88 -22.50 0.13 0.85 9.49 0.07 0.88 9.76		
718.50 359.50 0.37 -5.13 0.00 0.00 -0.06 0.07 -0.03 -0.23 -7.56 9.69 -21.25 0.14 0.84 9.54 0.07 0.88 9.76		
718.51 359.50 0.37 -5.13 -0.06 0.19 0.06 0.05 -0.02 -0.22 -7.19 9.25 -21.69 0.12 0.86 9.53 0.07 0.88 9.76		
718.54 359.50 0.37 -5.13 0.12 0.00 -0.06 0.06 -0.03 -0.25 -6.75 9.25 -21.69 0.13 0.84 9.51 0.07 0.88 9.76		
718.54 359.50 0.37 -5.13 0.06 0.12 0.12 0.06 -0.02 -0.21 -6.75 10.38 -22.87 0.13 0.85 9.55 0.07 0.88 9.76		
718.53 359.50 0.37 -5.13 0.06 0.12 0.00 0.05 -0.02 -0.22 -6.50 9.69 -22.06 0.12 0.85 9.53 0.07 0.88 9.76		
718.52 359.50 0.37 -5.13 0.00 -0.12 0.06 0.06 -0.01 -0.23 -7.19 9.69 -22.50 0.13 0.86 9.52 0.07 0.88 9.76		
718.49 359.50 0.37 -5.13 0.06 0.00 -0.12 0.05 -0.03 -0.26 -6.50 10.06 -21.69 0.12 0.85 9.50 0.07 0.88 9.76		
718.43 359.56 0.63 -5.13 0.00 -1.00 -1.00 -0.03 0.28 0.45 -7.19 10.06 -21.25 0.07 1.16 10.22 0.10 0.88 9.76		
718.37 359.50 0.50 -5.13 -0.06 1.25 0.31 0.29 0.37 -0.32 -6.75 9.25 -21.25 0.53 0.96 9.42 0.08 0.88 9.76		
718.18 359.56 0.50 -5.13 0.00 -0.50 -0.31 -0.01 -0.13 0.00 -6.50 9.25 -20.50 0.07 0.74 9.76 0.09 0.88 9.76		
717.54 359.50 0.50 -5.13 0.06 0.63 -0.19 0.13 -0.09 -0.41 -7.56 10.06 -21.25 0.22 0.79 9.35 0.09 0.88 9.76		
717.58 359.50 0.56 -5.13 0.06 0.44 -0.19 0.00 -0.08 -0.25 -6.50 10.06 -21.69 0.04 0.68 9.53 0.10 0.88 9.76		
717.86 359.50 0.56 -5.13 0.19 -0.31 -0.37 0.20 -0.23 -0.18 -7.19 9.69 -22.75 0.30 0.64 9.57 0.10 0.88 9.76		
717.87 359.56 0.56 -5.13 0.06 0.00 -0.31 0.00 -0.18 -0.14 -6.75 9.69 -22.75 0.10 0.69 9.61 0.10 0.88 9.76		
717.84 359.56 0.56 -5.13 -0.06 -0.19 -0.25 0.11 -0.11 -0.16 -6.50 9.25 -22.06 0.25 0.62 9.45 0.09 0.88 9.76		
717.55 359.56 0.56 -5.13 0.06 0.12 -0.25 -0.05 -0.16 -0.28 -6.75 9.69 -23.25 0.04 0.72 9.47 0.10 0.88 9.76		
717.21 359.56 0.75 -5.13 0.06 -3.50 -0.19 0.33 -0.04 0.06 -6.50 9.25 -22.50 0.46 0.84 9.83 0.13 0.88 9.76		
715.96 359.50 0.69 -5.13 -0.06 3.88 0.69 -0.20 0.00 -0.60 -6.75 9.69 -21.69 -0.10 0.95 9.11 0.11 0.88 9.76		
716.16 359.50 0.81 -5.13 0.19 -4.06 -0.81 0.37 -0.05 0.49 -7.88 10.06 -21.25 0.52 0.82 10.25 0.15 0.88 9.76		
714.67 359.56 0.69 -5.13 0.00 1.81 0.50 -0.44 0.25 -0.73 -7.56 9.69 -22.87 -0.21 1.08 9.06 0.12 0.88 9.76		
715.04 359.56 0.75 -5.13 0.12 1.44 -0.25 0.18 0.01 -0.16 -7.19 9.25 -21.69 0.31 0.89 9.60 0.13 0.88 9.76		
713.25 359.50 0.69 -5.13 -0.06 0.12 0.00 0.14 0.04 -0.09 -6.69 9.25 -22.06 0.26 0.92 9.66 0.12 0.88 9.76		
712.90 359.50 0.63 -5.13 0.06 1.50 0.25 0.25 -0.04 0.01 -7.50 8.88 -21.69 0.28 0.90 9.68 0.11 0.88 9.76		
712.48 359.50 0.63 -5.13 0.00 -1.12 -0.25 0.20 -0.04 0.04 -7.06 10.06 -21.69 0.31 0.83 9.81 0.10 0.88 9.76		
712.18 359.50 0.63 -5.13 -0.19 -0.25 0.12 0.04 -0.02 -0.18 -7.06 10.06 -22.50 0.14 0.86 9.57 0.10 0.88 9.76		
712.53 359.50 0.63 -5.13 -0.06 -0.31 -0.19 0.00 -0.02 -0.25 -6.69 10.06 -22.06 0.18 0.82 9.61 0.10 0.88 9.76		
713.59 359.50 0.63 -5.13 0.06 0.00 0.00 -0.05 -0.04 -0.36 -7.06 10.38 -22.50 0.05 0.83 9.40 0.10 0.88 9.76		
713.76 359.50 0.63 -5.13 0.12 0.37 0.06 0.00 -0.01 -0.29 -7.06 10.06 -21.69 0.11 0.86 9.47 0.11 0.88 9.76		
714.29 359.50 0.63 -5.13 0.06 -0.06 -0.06 0.02 -0.02 -0.24 -6.69 9.25 -20.50 0.14 0.83 9.55 0.11 0.88 9.76		
713.90 359.50 0.63 -5.13 -0.06 0.19 -0.06 0.00 -0.01 -0.25 -7.50 9.69 -21.69 0.10 0.86 9.51 0.11 0.88 9.76		
713.56 359.50 0.63 -5.13 0.06 0.06 0.06 0.05 -0.03 -0.17 -7.06 9.25 -22.06 0.17 0.84 9.59 0.11 0.88 9.76		
713.44 359.50 0.63 -5.13 -0.06 -0.19 -0.12 0.01 -0.03 -0.21 -7.50 8.88 -22.50 0.12 0.84 9.54 0.11 0.88 9.76		
713.56 359.50 0.63 -5.13 0.12 0.31 0.00 0.01 -0.02 -0.24 -7.50 9.25 -21.25 0.12 0.85 9.52 0.11 0.88 9.76		
714.15 359.50 0.63 -5.13 -0.12 -0.19 0.00 0.03 -0.03 -0.21 -6.38 8.88 -22.06 0.14 0.84 9.55 0.11 0.88 9.76		
714.87 359.50 0.63 -5.13 0.12 -0.19 0.06 0.03 -0.03 -0.28 -7.06 8.88 -21.69 0.11 0.85 9.51 0.11 0.88 9.76		
717.07 359.50 0.63 -5.13 0.12 0.06 0.06 0.00 -0.01 -0.25 -6.69 9.25 -22.06 0.11 0.86 9.51 0.11 0.88 9.76		
717.05 359.50 0.63 -5.13 0.19 0.00 -0.06 0.03 -0.02 -0.23 -7.50 9.69 -21.69 0.14 0.85 9.53 0.11 0.88 9.76		
718.53 359.50 0.63 -5.13 0.00 0.00 -0.06 0.01 -0.01 -0.22 -6.69 8.56 -22.06 0.11 0.86 9.53 0.11 0.88 9.76		
718.08 359.50 0.63 -5.13 0.06 0.19 0.00 0.03 -0.03 -0.26 -6.38 9.69 -22.87 0.14 0.84 9.50 0.11 0.88 9.76		
718.32 359.50 0.63 -5.13 0.00 -0.06 0.06 0.03 -0.03 -0.25 -7.06 9.69 -22.50 0.14 0.84 9.51 0.11 0.88 9.76		
718.56 359.50 0.63 -5.13 0.06 0.00 0.00 0.03 -0.04 -0.22 -7.50 9.25 -21.25 0.14 0.83 9.54 0.11 0.88 9.76		
718.90 359.50 0.63 -5.13 -0.06 0.00 0.00 0.00 -0.03 -0.24 -6.38 8.56 -21.69 0.11 0.84 9.51 0.11 0.88 9.76		
719.19 359.50 0.63 -5.13 0.00 -0.06 -0.12 0.04 0.00 -0.28 -6.38 8.88 -22.50 0.14 0.84 9.50 0.11 0.88 9.76		
719.04 359.50 0.63 -5.13 -0.06 -0.12 0.00 0.04 -0.02 -0.21 -7.06 9.25 -21.69 0.16 0.85 9.55 0.11 0.88 9.76		
719.51 359.50 0.63 -5.13 0.06 0.19 0.06 0.01 -0.01 -0.24 -6.38 8.88 -22.87 0.12 0.87 9.51 0.11 0.88 9.76		
719.85 359.50 0.63 -5.13 -0.06 -0.12 0.00 0.04 -0.03 -0.23 -6.69 10.06 -22.50 0.14 0.87 9.55 0.11 0.88 9.76		
720.16 359.50 0.63 -5.13 0.06 -0.19 0.06 0.02 -0.02 -0.25 -6.00 8.88 -21.69 0.13 0.85 9.51 0.11 0.88 9.76		
720.40 359.50 0.63 -5.13 0.19 -0.06 0.12 0.03 -0.01 -0.23 -6.69 10.38 -21.69 0.14 0.86 9.53 0.11 0.88 9.76		
720.34 359.50 0.63 -5.13 0.00 0.06 -0.12 0.05 -0.02 -0.26 -7.06 9.25 -21.25 0.17 0.85 9.50 0.11 0.88 9.76		
720.37 359.50 0.63 -5.13 -0.06 0.12 0.00 0.03 -0.02 -0.25 -6.69 9.69 -23.25 0.14 0.85 9.50 0.11 0.88 9.76		
720.18 359.50 0.63 -5.13 0.00 0.00 -0.12 0.04 -0.03 -0.26 -6.38 9.25 -22.06 0.15 0.84 9.50 0.11 0.88 9.76		
719.83 359.50 0.63 -5.13 0.12 0.06 0.00 0.02 0.00 -0.25 -6.69 10.06 -21.69 0.12 0.87 9.51 0.11 0.88 9.76		
719.50 359.50 0.63 -5.13 -0.12 0.06 -0.12 0.05 -0.01 -0.24 -6.38 10.06 -22.06 0.16 0.86 9.51 0.11 0.88 9.76		
719.38 359.50 0.63 -5.13 -0.12 0.06 0.00 0.02 -0.01 -0.24 -6.38 9.69 -21.25 0.13 0.86 9.52 0.11 0.88 9.76		
719.48 359.50 0.63 -5.13 0.06 0.06 0.00 0.01 -0.04 -0.24 -7.06 9.25 -22.87 0.13 0.85 9.51 0.11 0.88 9.76		
719.76 359.50 0.63 -5.13 -0.06 0.12 -0.06 0.02 -0.03 -0.22 -6.69 9.69 -22.06 0.13 0.84 9.54 0.11 0.88 9.76		
720.05 359.50 0.63 -5.13 0.00 0.12 0.00 0.01 -0.01 -0.24 -7.50 9.25 -21.25 0.12 0.86 9.52 0.11 0.88 9.76		
720.37 359.50 0.63 -5.13 0.00 0.06 -0.06 0.03 -0.01 -0.23 -6.69 9.69 -21.69 0.14 0.87 9.52 0.11 0.88 9.76		
720.50 359.50 0.63 -5.13 0.12 0.00 -0.12 0.02 -0.02 -0.23 -6.69 10.06 -21.69 0.13 0.85 9.53 0.11 0.88 9.76		
720.47 359.50 0.63 -5.13 0.00 -0.25 0.00 0.01 -0.04 -0.24 -7.50 10.38 -21.25 0.14 0.85 9.51 0.11 0.88 9.76		
720.27 359.50 0.63 -5.13 -0.06 -0.12 0.06 0.02 -0.01 -0.23 -6.69 9.69 -22.50 0.13 0.87 9.52 0.11 0.88 9.76		
720.01 359.50 0.63 -5.13 -0.06 -0.12 0.00 0.03 -0.03 -0.24 -7.06 9.25 -20.87 0.14 0.84 9.51 0.11 0.88 9.76		
719.71 359.50 0.63 -5.13 0.06 -0.19 0.00 0.00 -0.02 -0.25 -7.06 9.25 -22.87 0.15 0.88 9.53 0.11 0.88 9.76		
719.55 359.50 0.63 -5.13 0.12 0.12 0.00 0.01 -0.04 -0.23 -6.69 9.69 -21.69 0.12 0.83 9.52 0.11 0.88 9.76		
719.51 359.50 0.63 -5.13 0.00 0.12 0.00 0.03 -0.01 -0.23 -7.50 9.25 -22.50 0.14 0.86 9.53 0.11 0.88 9.76		
719.62 359.50 0.63 -5.13 0.00 0.12 -0.06 0.00 -0.03 -0.24 -6.38 10.06 -20.87 0.11 0.84 9.52 0.11 0.88 9.76		
719.90 359.50 0.63 -5.13 0.00 -0.06 0.06 0.00 0.00 -0.22 -7.06 9.25 -22.87 0.11 0.88 9.53 0.11 0.88 9.76		
720.17 359.50 0.63 -5.13 -0.06 0.06 -0.12 0.02 -0.03 -0.25 -6.38 10.06 -22.06 0.13 0.84 9.51 0.11 0.88 9.76		
720.33 359.50 0.63 -5.13 0.12 -0.06 -0.06 0.02 -0.02 -0.24 -6.69 9.69 -22.06 0.13 0.85 9.52 0.11 0.88 9.76		
720.40 359.50 0.63 -5.13 0.00 0.00 -0.12 0.04 -0.02 -0.26 -6.69 9.25 -22.50 0.15 0.85 9.50 0.11 0.88 9.76		
720.37 359.50 0.63 -5.13 0.00 0.00 0.00 0.03 -0.03 -0.24 -7.06 8.88 -22.50 0.14 0.84 9.51 0.11 0.88 9.76		
720.14 359.50 0.63 -5.13 0.06 -0.12 0.06 0.02 0.00 -0.26 -7.06 10.38 -22.50 0.14 0.87 9.50 0.11 0.88 9.76		
719.89 359.50 0.63 -5.13 -0.12 0.06 0.00 0.04 -0.02 -0.24 -6.69 9.69 -22.87 0.15 0.85 9.52 0.11 0.88 9.76		
719.75 359.50 0.63 -5.13 0.06 0.12 -0.06 0.03 -0.02 -0.24 -6.38 9.69 -22.50 0.14 0.85 9.51 0.11 0.88 9.76		
719.69 359.50 0.63 -5.13 0.00 0.19 0.06 0.02 -0.02 -0.22 -7.50 10.06 -21.25 0.13 0.85 9.53 0.11 0.88 9.76		
719.69 359.50 0.63 -5.13 0.00 0.00 0.00 0.04 0.00 -0.24 -6.69 9.69 -21.69 0.15 0.87 9.51 0.11 0.88 9.76		
719.83 359.50 0.63 -5.13 0.06 0.00 0.12 0.02 -0.01 -0.23 -6.00 10.06 -21.69 0.13 0.84 9.50 0.11 0.88 9.76		
719.99 359.50 0.63 -5.13 0.06 0.06 -0.06 0.02 -0.02 -0.25 -6.69 10.06 -22.06 0.13 0.85 9.51 0.11 0.88 9.76		
720.15 359.50 0.63 -5.13 0.00 0.19 -0.06 0.03 -0.02 -0.26 -6.38 9.25 -21.69 0.14 0.85 9.50 0.11 0.88 9.76		
720.20 359.50 0.63 -5.13 0.06 0.06 0.06 0.03 -0.03 -0.22 -7.06 9.69 -21.69 0.15 0.85 9.50 0.11 0.88 9.76		
720.20 359.50 0.63 -5.13 0.12 0.12 -0.12 0.04 0.00 -0.26 -7.06 8.88 -21.25 0.15 0.89 9.50 0.11 0.88 9.76		
720.09 359.50 0.63 -5.13 -0.06 -0.06 -0.12 0.03 -0.02 -0.23 -6.69 9.69 -22.06 0.14 0.85 9.53 0.11 0.88 9.76		
719.96 359.50 0.63 -5.13 0.06 0.19 0.12 0.03 -0.01 -0.27 -7.50 10.06 -21.69 0.14 0.86 9.49 0.11 0.88 9.76		
719.82 359.50 0.63 -5.13 -0.06 0.06 0.06 0.02 -0.03 -0.24 -6.38 9.25 -22.06 0.13 0.84 9.51 0.11 0.88 9.76		
719.79 359.50 0.63 -5.13 0.06 0.00 0.06 0.03 -0.01 -0.25 -7.50 9.69 -22.06 0.14 0.86 9.51 0.11 0.88 9.76		
719.78 359.50 0.63 -5.13 -0.06 0.25 -0.12 0.02 -0.02 -0.26 -7.06 8.88 -22.06 0.14 0.85 9.53 0.11 0.88 9.76		
719.86 359.50 0.63 -5.13 0.00 0.06 -0.06 0.03 0.00 -0.24 -7.50 9.25 -22.50 0.14 0.88 9.52 0.11 0.88 9.76		
719.94 359.50 0.63 -5.13 0.00 0.19 0.06 0.03 -0.04 -0.23 -6.69 9.69 -22.50 0.14 0.83 9.53 0.11 0.88 9.76		
720.02 359.50 0.63 -5.13 0.19 -0.06 -0.06 0.03 -0.02 -0.23 -7.06 9.25 -21.69 0.14 0.84 9.51 0.11 0.88 9.76		
720.05 359.50 0.63 -5.13 0.00 -0.12 0.00 0.02 -0.04 -0.25 -6.69 9.69 -22.50 0.13 0.83 9.51 0.11 0.88 9.76		
720.05 359.50 0.63 -5.13 0.06 0.12 0.06 0.03 -0.01 -0.24 -7.06 10.06 -21.25 0.14 0.86 9.52 0.11 0.88 9.76		
719.95 359.50 0.63 -5.13 0.12 0.12 0.12 0.01 -0.02 -0.26 -6.69 9.69 -22.06 0.12 0.85 9.50 0.11 0.88 9.76		
719.86 359.50 0.63 -5.13 -0.06 -0.19 0.00 0.04 -0.04 -0.23 -6.38 9.69 -22.06 0.15 0.83 9.53 0.11 0.88 9.76		
719.77 359.50 0.63 -5.13 -0.06 0.00 0.00 0.02 -0.03 -0.26 -6.69 9.69 -22.06 0.12 0.86 9.51 0.11 0.88 9.76		
719.72 359.50 0.63 -5.13 0.00 -0.06 0.06 0.02 -0.02 -0.24 -6.69 9.25 -21.69 0.13 0.85 9.51 0.11 0.88 9.76		
719.71 359.50 0.63 -5.13 -0.06 -0.19 -0.12 0.00 -0.01 -0.25 -6.69 9.25 -22.06 0.11 0.86 9.51 0.11 0.88 9.76		
719.73 359.50 0.63 -5.13 0.00 0.00 0.00 0.03 -0.01 -0.24 -6.69 9.25 -22.87 0.14 0.84 9.51 0.11 0.88 9.76		
719.80 359.50 0.63 -5.13 0.00 -0.12 0.00 0.04 -0.01 -0.25 -6.69 8.56 -22.06 0.15 0.87 9.51 0.11 0.88 9.76		
719.89 359.50 0.63 -5.13 -0.06 -0.06 -0.06 0.03 -0.03 -0.25 -6.38 8.88 -21.69 0.14 0.84 9.51 0.11 0.88 9.76		
719.96 359.50 0.63 -5.13 0.06 -0.19 0.06 0.03 -0.03 -0.23 -6.38 9.69 -22.50 0.14 0.84 9.52 0.11 0.88 9.76		
720.00 359.50 0.63 -5.13 0.00 0.00 -0.12 0.02 -0.02 -0.26 -7.75 8.88 -22.06 0.13 0.85 9.50 0.11 0.88 9.76		
719.99 359.50 0.63 -5.13 0.00 0.00 -0.06 0.04 -0.01 -0.21 -7.75 10.38 -20.87 0.15 0.87 9.54 0.11 0.88 9.76		
719.89 359.50 0.63 -5.13 0.06 0.06 0.00 0.03 -0.01 -0.24 -7.50 9.25 -22.50 0.13 0.86 9.54 0.11 0.88 9.76		
719.81 359.50 0.63 -5.13 0.00 0.12 0.00 0.02 -0.01 -0.26 -7.06 10.06 -22.50 0.13 0.86 9.50 0.11 0.88 9.76		
719.80 359.50 0.63 -5.13 0.00 0.00 -0.06 0.02 -0.03 -0.26 -7.75 10.06 -22.06 0.13 0.84 9.50 0.11 0.88 9.76		
719.82 359.50 0.63 -5.13 0.12 0.12 -0.06 0.01 -0.01 -0.24 -7.06 8.88 -21.69 0.14 0.85 9.52 0.11 0.88 9.76		
719.87 359.50 0.63 -5.13 0.06 -0.06 -0.12 0.02 -0.03 -0.23 -6.38 9.25 -21.69 0.13 0.84 9.52 0.11 0.88 9.76		
719.96 359.50 0.63 -5.13 -0.12 0.00 0.00 0.04 -0.02 -0.23 -6.38 9.25 -23.25 0.15 0.85 9.53 0.11 0.88 9.76		
720.01 359.50 0.63 -5.13 -0.12 -0.06 -0.06 0.03 -0.01 -0.24 -6.69 10.38 -21.69 0.14 0.87 9.52 0.11 0.88 9.76		
720.02 359.50 0.63 -5.13 0.00 0.06 -0.06 0.01 -0.01 -0.26 -7.75 10.06 -21.69 0.12 0.86 9.50 0.11 0.88 9.76		
720.04 359.50 0.63 -5.13 -0.06 0.12 0.00 0.01 -0.02 -0.25 -7.50 8.88 -22.87 0.14 0.85 9.52 0.11 0.88 9.76		
720.02 359.50 0.63 -5.13 -0.06 -0.06 0.06 0.02 -0.02 -0.23 -6.38 10.38 -22.75 0.13 0.85 9.52 0.11 0.88 9.76		
719.99 359.50 0.63 -5.13 -0.06 -0.06 -0.12 0.03 -0.03 -0.27 -6.69 9.69 -21.69 0.14 0.84 9.49 0.11 0.88 9.76		
719.95 359.50 0.63 -5.13 0.12 -0.12 0.00 0.01 -0.04 -0.26 -7.06 9.69 -23.25 0.12 0.87 9.50 0.11 0.88 9.76		
719.94 359.50 0.63 -5.13 -0.06 0.06 -0.06 0.02 -0.04 -0.23 -7.50 8.88 -22.87 0.13 0.83 9.53 0.11 0.88 9.76		
719.95 359.50 0.63 -5.13 0.00 0.12 -0.12 0.02 -0.02 -0.26 -6.69 9.69 -21.69 0.13 0.85 9.50 0.11 0.88 9.76		
719.95 359.50 0.63 -5.13 -0.06 -0.06 -0.12 0.02 -0.02 -0.23 -7.06 10.38 -21.25 0.13 0.86 9.51 0.11 0.88 9.76		
719.95 359.50 0.63 -5.13 0.06 -0.12 -0.06 0.02 -0.02 -0.23 -6.38 9.25 -21.69 0.13 0.85 9.53 0.11 0.88 9.76		
719.94 359.50 0.63 -5.13 -0.06 0.00 -0.06 0.03 -0.02 -0.25 -7.06 8.88 -22.50 0.14 0.85 9.50 0.11 0.88 9.76		
719.94 359.50 0.63 -5.13 0.06 0.00 0.06 0.02 -0.01 -0.27 -7.06 10.06 -21.25 0.14 0.87 9.50 0.11 0.88 9.76		
719.95 359.50 0.63 -5.13 0.25 0.06 0.00 0.04 0.00 -0.23 -6.69 8.56 -22.06 0.16 0.87 9.52 0.11 0.88 9.76		
719.94 359.50 0.63 -5.13 0.00 0.00 -0.06 0.02 -0.04 -0.23 -7.06 9.25 -20.50 0.13 0.83 9.52 0.11 0.88 9.76		
719.89 359.50 0.63 -5.13 0.06 -0.25 0.00 0.02 -0.01 -0.24 -6.69 9.25 -22.50 0.11 0.85 9.51 0.11 0.88 9.76		
719.84 359.50 0.63 -5.13 -0.06 0.12 0.12 0.02 -0.02 -0.24 -7.06 9.25 -21.69 0.13 0.85 9.51 0.11 0.88 9.76		
719.83 359.50 0.63 -5.13 0.12 0.00 -0.06 0.04 -0.02 -0.23 -6.38 10.06 -21.25 0.15 0.85 9.53 0.11 0.88 9.76		
719.81 359.50 0.63 -5.13 -0.06 0.06 -0.06 0.01 -0.01 -0.27 -6.38 8.56 -22.50 0.12 0.86 9.49 0.11 0.88 9.76		
719.86 359.50 0.63 -5.13 -0.06 -0.19 0.00 0.01 -0.03 -0.23 -8.19 10.06 -22.50 0.12 0.84 9.53 0.11 0.88 9.76		
719.89 359.50 0.63 -5.13 -0.06 -0.12 0.00 0.02 -0.03 -0.26 -7.50 10.38 -22.06 0.14 0.86 9.52 0.11 0.88 9.76		
719.91 359.50 0.63 -5.13 0.06 0.00 0.12 0.02 -0.01 -0.25 -6.69 8.88 -20.87 0.13 0.87 9.51 0.11 0.88 9.76		
719.94 359.50 0.63 -5.13 0.12 -0.06 0.00 0.02 -0.01 -0.26 -6.38 9.25 -21.25 0.13 0.87 9.50 0.11 0.88 9.76		
719.91 359.50 0.63 -5.13 0.00 0.06 -0.12 0.02 -0.01 -0.24 -6.69 9.69 -21.25 0.12 0.86 9.53 0.11 0.88 9.76		
719.87 359.50 0.63 -5.13 0.00 0.06 0.00 0.03 -0.03 -0.28 -7.06 10.06 -21.69 0.14 0.84 9.48 0.11 0.88 9.76		
719.84 359.50 0.63 -5.13 0.06 0.00 -0.06 0.01 -0.03 -0.25 -6.38 9.25 -22.87 0.12 0.84 9.51 0.11 0.88 9.76		
719.82 359.50 0.63 -5.13 -0.06 -0.12 0.00 0.02 0.00 -0.23 -6.69 9.69 -21.69 0.13 0.87 9.52 0.11 0.88 9.76		
719.83 359.50 0.63 -5.13 0.00 0.12 0.00 0.03 -0.03 -0.23 -7.50 9.69 -22.50 0.14 0.84 9.52 0.11 0.88 9.76		
719.83 359.50 0.63 -5.13 0.06 -0.19 0.00 0.02 -0.01 -0.24 -7.06 9.25 -21.69 0.13 0.86 9.51 0.11 0.88 9.76		
719.86 359.50 0.63 -5.13 0.06 0.06 0.12 0.02 -0.01 -0.24 -7.06 8.88 -22.50 0.12 0.86 9.52 0.11 0.88 9.76		
719.88 359.50 0.63 -5.13 -0.06 -0.06 -0.06 0.04 -0.03 -0.23 -6.69 9.69 -22.06 0.15 0.84 9.52 0.11 0.88 9.76		
719.87 359.50 0.63 -5.13 -0.06 0.19 0.00 0.04 0.00 -0.25 -7.50 9.69 -22.87 0.16 0.87 9.51 0.11 0.88 9.76		
719.88 359.50 0.63 -5.13 0.06 0.12 -0.06 0.00 -0.02 -0.23 -7.06 9.25 -22.06 0.12 0.86 9.51 0.11 0.88 9.76		
719.85 359.50 0.63 -5.13 0.19 0.19 0.06 0.03 -0.02 -0.22 -7.50 9.25 -21.69 0.14 0.85 9.53 0.11 0.88 9.76		
719.84 359.50 0.63 -5.13 0.06 0.00 0.00 0.03 -0.03 -0.24 -7.06 9.69 -22.06 0.14 0.84 9.52 0.11 0.88 9.76		
719.83 359.50 0.63 -5.13 -0.06 -0.06 0.00 0.03 -0.01 -0.26 -7.50 8.88 -22.50 0.14 0.86 9.50 0.11 0.88 9.76		
719.84 359.50 0.63 -5.13 -0.06 -0.06 -0.06 0.04 -0.02 -0.23 -7.50 9.25 -22.50 0.15 0.85 9.53 0.11 0.88 9.76		
719.81 359.50 0.63 -5.13 0.06 -0.06 0.06 0.02 0.00 -0.25 -6.69 8.88 -22.06 0.13 0.86 9.52 0.11 0.88 9.76		
719.81 359.50 0.63 -5.13 0.06 0.06 -0.12 0.02 0.00 -0.24 -7.75 9.69 -22.50 0.13 0.87 9.52 0.11 0.88 9.76		
719.81 359.50 0.63 -5.13 0.00 0.19 0.00 0.03 -0.01 -0.27 -7.50 8.56 -21.25 0.14 0.86 9.49 0.11 0.88 9.76		
719.82 359.50 0.63 -5.13 0.06 0.00 -0.06 0.04 -0.02 -0.25 -6.69 10.06 -21.69 0.15 0.85 9.51 0.11 0.88 9.76		
719.84 359.50 0.63 -5.13 -0.06 0.06 -0.06 0.02 -0.01 -0.27 -11.00 15.75 -34.06 0.13 0.86 9.49 0.11 0.88 9.76		
719.86 359.50 0.63 -5.13 0.12 -0.06 0.00 0.01 -0.03 -0.23 -11.38 15.75 -33.69 0.12 0.84 9.53 0.11 0.88 9.76		
719.87 359.50 0.63 -5.13 0.06 -0.06 0.00 0.02 -0.02 -0.23 -10.69 16.19 -32.88 0.13 0.85 9.52 0.11 0.88 9.76		
719.88 359.50 0.63 -5.13 0.00 0.12 0.00 0.03 -0.02 -0.24 -11.00 16.56 -33.69 0.14 0.85 9.52 0.11 0.88 9.76		
719.88 359.50 0.63 -5.13 0.00 0.06 0.00 0.01 -0.01 -0.23 -11.75 15.75 -34.06 0.12 0.87 9.53 0.11 0.88 9.76		
719.89 359.50 0.63 -5.13 0.00 -0.06 0.06 0.00 -0.02 -0.24 -11.00 16.56 -34.38 0.10 0.85 9.52 0.11 0.88 9.76		
719.87 359.50 0.63 -5.13 -0.06 0.12 0.00 0.00 -0.03 -0.23 -11.75 16.19 -34.06 0.11 0.84 9.53 0.11 0.88 9.76		
719.90 359.50 0.63 -5.13 0.12 0.12 -0.12 0.03 -0.02 -0.26 -11.38 16.19 -34.50 0.14 0.85 9.50 0.11 0.88 9.76		
719.88 359.50 0.63 -5.13 0.00 0.00 -0.06 0.02 -0.02 -0.23 -11.38 15.75 -34.50 0.13 0.87 9.52 0.11 0.88 9.76		
719.89 359.50 0.63 -5.13 -0.12 0.06 0.12 0.02 -0.01 -0.26 -11.00 16.56 -34.06 0.13 0.86 9.50 0.11 0.88 9.76		
719.93 359.50 0.63 -5.13 -0.06 -0.06 0.00 0.01 -0.02 -0.25 -11.00 16.19 -34.06 0.12 0.85 9.51 0.11 0.88 9.76		
719.95 359.50 0.63 -5.13 0.00 -0.12 -0.12 0.02 -0.01 -0.23 -11.75 16.19 -33.25 0.13 0.86 9.53 0.11 0.88 9.76		
719.95 359.50 0.63 -5.13 0.12 -0.06 0.06 0.04 -0.01 -0.22 -11.00 15.75 -34.06 0.15 0.86 9.54 0.11 0.88 9.76		
719.93 359.50 0.63 -5.13 -0.06 0.06 -0.06 0.04 -0.02 -0.25 -12.06 16.19 -32.50 0.12 0.85 9.50 0.11 0.88 9.76		
719.94 359.50 0.63 -5.13 0.00 0.06 0.00 0.00 -0.01 -0.25 -10.69 15.38 -33.69 0.11 0.86 9.51 0.11 0.88 9.76		
719.95 359.50 0.63 -5.13 0.12 0.00 0.00 0.03 -0.02 -0.24 -11.00 15.75 -33.69 0.14 0.85 9.51 0.11 0.88 9.76		
719.94 359.50 0.63 -5.13 0.06 -0.19 -0.06 0.03 -0.04 -0.24 -11.00 16.19 -34.06 0.14 0.83 9.52 0.11 0.88 9.76		
719.94 359.50 0.63 -5.13 0.12 0.06 0.06 0.04 -0.01 -0.26 -11.38 16.56 -33.69 0.15 0.87 9.50 0.11 0.88 9.76		
719.94 359.50 0.63 -5.13 0.19 -0.19 0.00 0.03 -0.02 -0.25 -11.38 16.87 -34.50 0.14 0.85 9.51 0.11 0.88 9.76		
719.95 359.50 0.63 -5.13 -0.06 0.06 -0.06 0.03 0.00 -0.28 -11.38 16.87 -33.25 0.14 0.88 9.48 0.11 0.88 9.76		
719.94 359.50 0.63 -5.13 -0.06 0.06 0.00 0.02 -0.03 -0.24 -10.25 16.19 -32.50 0.13 0.84 9.52 0.11 0.88 9.76		
719.91 359.50 0.63 -5.13 -0.12 0.12 0.06 0.01 -0.03 -0.23 -11.00 16.19 -32.88 0.12 0.84 9.53 0.11 0.88 9.76		
719.88 359.50 0.63 -5.13 0.00 0.00 -0.06 0.03 -0.02 -0.22 -11.38 16.56 -34.50 0.14 0.85 9.53 0.11 0.88 9.76		
719.87 359.50 0.63 -5.13 0.00 0.06 0.00 0.04 -0.03 -0.26 -10.25 16.56 -32.50 0.15 0.84 9.50 0.11 0.88 9.76		
719.88 359.50 0.63 -5.13 0.00 0.06 0.00 0.02 -0.02 -0.25 -10.25 15.75 -32.88 0.15 0.86 9.55 0.11 0.88 9.76		
719.89 359.50 0.63 -5.13 0.06 0.12 0.00 0.03 -0.03 -0.25 -11.38 16.19 -34.06 0.14 0.84 9.51 0.11 0.88 9.76		
719.94 359.50 0.63 -5.13 0.00 0.12 0.00 0.03 -0.01 -0.23 -11.00 15.75 -34.06 0.14 0.86 9.53 0.11 0.88 9.76		
719.95 359.50 0.63 -5.13 0.12 0.00 0.12 0.01 -0.03 -0.23 -11.00 16.19 -33.69 0.14 0.85 9.51 0.11 0.88 9.76		
719.95 359.50 0.63 -5.13 -0.06 0.12 -0.06 0.01 0.00 -0.27 -10.69 15.75 -33.69 0.12 0.87 9.49 0.11 0.88 9.76		
719.95 359.50 0.63 -5.13 0.00 0.00 -0.06 0.02 -0.02 -0.24 -11.38 16.19 -33.69 0.13 0.85 9.52 0.11 0.88 9.76		
719.93 359.50 0.63 -5.13 0.00 -0.06 0.06 0.01 -0.01 -0.26 -11.38 16.19 -32.50 0.12 0.86 9.50 0.11 0.88 9.76		
719.94 359.50 0.63 -5.13 -0.06 -0.12 0.00 0.04 -0.01 -0.24 -12.06 16.19 -33.25 0.15 0.86 9.51 0.11 0.88 9.76		
719.93 359.50 0.63 -5.13 -0.12 -0.12 -0.12 0.01 -0.04 -0.27 -11.00 15.38 -33.69 0.14 0.85 9.50 0.11 0.88 9.76		
719.88 359.50 0.63 -5.13 0.12 0.00 0.12 0.01 -0.03 -0.23 -10.69 15.38 -34.06 0.12 0.84 9.52 0.11 0.88 9.76		
719.84 359.50 0.63 -5.13 0.12 0.00 0.06 0.03 -0.01 -0.24 -10.69 16.19 -33.25 0.14 0.87 9.52 0.11 0.88 9.76		
719.82 359.50 0.63 -5.13 0.06 -0.06 0.00 0.02 -0.05 -0.25 -11.38 16.19 -34.50 0.13 0.82 9.50 0.11 0.88 9.76		
719.83 359.50 0.63 -5.13 -0.12 0.06 0.00 0.01 -0.02 -0.24 -10.69 16.56 -32.88 0.12 0.85 9.51 0.11 0.88 9.76		
719.80 359.50 0.63 -5.13 0.06 -0.06 0.00 0.02 -0.01 -0.22 -11.38 16.19 -32.88 0.12 0.86 9.50 0.11 0.88 9.76		
719.78 359.50 0.63 -5.13 -0.06 0.12 0.06 0.03 -0.02 -0.22 -11.00 16.56 -32.50 0.14 0.85 9.53 0.11 0.88 9.76		
719.83 359.50 0.63 -5.13 0.00 0.00 0.06 0.02 -0.01 -0.24 -11.00 15.75 -34.50 0.13 0.87 9.51 0.11 0.88 9.76		
719.87 359.50 0.63 -5.13 0.06 -0.12 0.00 0.02 -0.02 -0.25 -11.38 15.75 -33.25 0.13 0.85 9.50 0.11 0.88 9.76		
719.95 359.50 0.63 -5.13 0.19 0.00 0.06 0.01 -0.03 -0.22 -11.38 16.19 -32.88 0.12 0.84 9.54 0.11 0.88 9.76		
719.96 359.50 0.63 -5.13 -0.06 0.19 -0.06 0.02 -0.01 -0.24 -11.38 16.19 -34.50 0.13 0.87 9.51 0.11 0.88 9.76		
719.93 359.50 0.63 -5.13 -0.06 0.12 -0.12 0.03 -0.01 -0.26 -11.00 16.56 -33.25 0.13 0.84 9.51 0.11 0.88 9.76		
719.85 359.50 0.63 -5.13 -0.12 0.12 0.06 0.02 -0.01 -0.27 -11.75 15.75 -34.06 0.13 0.86 9.49 0.11 0.88 9.76		
719.81 359.50 0.63 -5.13 -0.12 -0.06 0.00 0.01 -0.04 -0.24 -11.75 15.75 -34.06 0.12 0.83 9.51 0.11 0.88 9.76		
719.77 359.50 0.63 -5.13 0.12 -0.06 0.06 0.01 -0.01 -0.23 -11.00 16.56 -33.69 0.12 0.86 9.52 0.11 0.88 9.76		
719.77 359.50 0.63 -5.13 0.00 0.00 -0.12 0.02 0.00 -0.24 -11.38 16.19 -33.69 0.13 0.87 9.51 0.11 0.88 9.76		
719.78 359.50 0.63 -5.13 0.06 0.00 0.00 0.01 -0.03 -0.23 -11.38 16.19 -34.50 0.14 0.85 9.50 0.11 0.88 9.76		
719.80 359.50 0.63 -5.13 0.00 -0.06 -0.12 0.01 -0.01 -0.25 -12.06 15.75 -34.06 0.12 0.86 9.51 0.11 0.88 9.76		
719.88 359.50 0.63 -5.13 0.00 0.06 -0.12 0.01 -0.03 -0.23 -11.00 15.75 -32.88 0.12 0.84 9.52 0.11 0.88 9.76		
719.96 359.50 0.63 -5.13 -0.19 -0.12 0.00 0.04 -0.02 -0.23 -11.00 15.75 -32.88 0.15 0.85 9.53 0.11 0.88 9.76		
720.04 359.50 0.63 -5.13 0.12 -0.19 0.06 0.03 -0.02 -0.23 -11.75 16.56 -33.25 0.14 0.85 9.53 0.11 0.88 9.76		
720.03 359.50 0.63 -5.13 -0.06 0.06 -0.12 0.03 -0.01 -0.24 -10.69 16.19 -34.50 0.15 0.87 9.50 0.11 0.88 9.76		
720.01 359.50 0.63 -5.13 0.06 0.00 0.00 0.02 -0.02 -0.24 -11.00 16.56 -33.25 0.13 0.85 9.51 0.11 0.88 9.76		
720.02 359.50 0.63 -5.13 0.12 0.06 -0.06 0.03 -0.02 -0.25 -12.06 15.38 -34.88 0.14 0.85 9.50 0.11 0.88 9.76		
720.06 359.50 0.63 -5.13 -0.12 -0.06 0.06 0.01 -0.02 -0.25 -11.38 15.38 -32.88 0.14 0.87 9.51 0.11 0.88 9.76		
720.06 359.50 0.63 -5.13 0.00 0.00 0.06 0.03 -0.01 -0.26 -11.38 15.75 -34.06 0.14 0.86 9.50 0.11 0.88 9.76		
720.04 359.50 0.63 -5.13 -0.12 -0.06 0.00 0.03 -0.03 -0.23 -11.75 16.56 -33.25 0.14 0.84 9.53 0.11 0.88 9.76		
720.04 359.50 0.63 -5.13 0.12 0.06 0.00 0.02 -0.01 -0.25 -10.69 16.56 -33.69 0.14 0.84 9.51 0.11 0.88 9.76		
720.06 359.50 0.63 -5.13 0.00 0.12 -0.06 0.02 -0.02 -0.22 -12.06 15.75 -34.50 0.13 0.85 9.54 0.11 0.88 9.76		
720.12 359.50 0.63 -5.13 0.00 -0.12 0.00 0.03 -0.03 -0.20 -11.75 15.75 -33.25 0.14 0.84 9.56 0.11 0.88 9.76		
720.17 359.50 0.63 -5.13 -0.06 -0.06 0.00 0.04 -0.01 -0.26 -11.00 16.19 -32.88 0.13 0.86 9.52 0.11 0.88 9.76		
720.23 359.50 0.63 -5.13 0.00 -0.12 0.06 0.04 -0.02 -0.25 -11.38 16.87 -34.06 0.15 0.85 9.51 0.11 0.88 9.76		
720.28 359.50 0.63 -5.13 0.06 0.06 -0.12 0.04 -0.01 -0.25 -11.38 16.56 -34.06 0.15 0.85 9.52 0.11 0.88 9.76		
720.31 359.50 0.63 -5.13 0.00 0.12 -0.06 0.01 -0.03 -0.28 -12.06 16.56 -32.88 0.12 0.84 9.48 0.11 0.88 9.76		
720.32 359.50 0.63 -5.13 -0.06 -0.06 -0.06 0.03 -0.03 -0.22 -11.38 16.19 -34.50 0.14 0.84 9.53 0.11 0.88 9.76		
720.30 359.50 0.63 -5.13 -0.19 0.00 0.00 0.03 -0.01 -0.25 -11.75 16.19 -33.25 0.14 0.86 9.51 0.11 0.88 9.76		
720.28 359.50 0.63 -5.13 0.00 0.00 -0.06 0.01 -0.01 -0.25 -11.75 15.75 -34.06 0.12 0.87 9.50 0.11 0.88 9.76		
720.29 359.50 0.63 -5.13 -0.12 0.12 0.12 0.02 -0.01 -0.21 -11.00 16.19 -33.69 0.12 0.86 9.54 0.11 0.88 9.76		
720.32 359.50 0.63 -5.13 0.00 -0.19 -0.06 0.02 -0.01 -0.26 -11.75 15.38 -33.25 0.13 0.87 9.50 0.11 0.88 9.76		
720.38 359.50 0.63 -5.13 0.06 0.00 0.06 0.01 -0.01 -0.21 -10.69 15.75 -33.69 0.12 0.87 9.55 0.11 0.88 9.76		
720.44 359.50 0.63 -5.13 0.06 0.12 0.00 0.02 -0.02 -0.23 -11.75 16.56 -33.69 0.13 0.85 9.52 0.11 0.88 9.76		
720.47 359.50 0.63 -5.13 -0.12 0.06 0.06 0.02 -0.02 -0.22 -12.88 16.19 -33.25 0.13 0.85 9.53 0.11 0.88 9.76		
720.48 359.50 0.63 -5.13 0.12 0.12 -0.12 0.03 -0.03 -0.26 -11.00 16.19 -33.25 0.13 0.86 9.52 0.11 0.88 9.76		
720.44 359.50 0.63 -5.13 0.06 -0.06 0.06 0.01 -0.03 -0.22 -10.69 16.19 -33.69 0.12 0.84 9.54 0.11 0.88 9.76		
720.39 359.50 0.63 -5.13 0.06 -0.25 0.06 0.05 -0.02 -0.23 -12.06 15.75 -34.06 0.16 0.85 9.53 0.11 0.88 9.76		
720.37 359.50 0.63 -5.13 0.00 0.00 0.00 0.02 0.00 -0.23 -11.00 16.19 -33.25 0.13 0.87 9.52 0.11 0.88 9.76		
720.34 359.50 0.63 -5.13 -0.12 0.06 0.00 0.03 -0.01 -0.26 -10.69 16.19 -33.25 0.14 0.86 9.50 0.11 0.88 9.76		
720.34 359.50 0.63 -5.13 0.00 -0.12 0.06 0.03 -0.03 -0.23 -10.25 15.75 -34.50 0.14 0.84 9.53 0.11 0.88 9.76		
720.34 359.50 0.63 -5.13 0.06 0.00 0.00 0.03 -0.01 -0.26 -11.38 16.19 -34.50 0.14 0.86 9.50 0.11 0.88 9.76		
720.31 359.50 0.63 -5.13 -0.06 -0.06 0.06 0.02 -0.03 -0.24 -11.38 16.56 -33.25 0.13 0.84 9.51 0.11 0.88 9.76		
720.27 359.50 0.63 -5.13 -0.06 -0.06 0.00 0.02 -0.02 -0.22 -11.75 16.19 -33.25 0.13 0.85 9.53 0.11 0.88 9.76		
720.26 359.50 0.63 -5.13 0.06 0.06 0.00 0.03 -0.01 -0.27 -12.50 15.75 -33.25 0.14 0.84 9.50 0.11 0.88 9.76		
720.28 359.50 0.63 -5.13 0.00 0.00 -0.12 0.01 -0.01 -0.23 -11.38 15.38 -32.88 0.12 0.86 9.53 0.11 0.88 9.76		
720.29 359.50 0.63 -5.13 0.12 0.00 -0.12 0.02 -0.01 -0.26 -11.38 15.75 -32.88 0.13 0.86 9.50 0.11 0.88 9.76		
720.31 359.50 0.63 -5.13 0.06 0.00 -0.12 0.01 -0.02 -0.26 -11.38 15.75 -32.88 0.12 0.85 9.50 0.11 0.88 9.76		
720.27 359.50 0.63 -5.13 -0.12 0.06 -0.06 0.04 -0.02 -0.26 -10.69 16.87 -33.25 0.15 0.85 9.50 0.11 0.88 9.76		
720.23 359.50 0.63 -5.13 -0.06 -0.06 -0.12 0.01 -0.02 -0.25 -11.38 16.19 -34.06 0.14 0.87 9.50 0.11 0.88 9.76		
720.21 359.50 0.63 -5.13 0.00 -0.06 0.00 0.01 -0.01 -0.24 -10.69 16.19 -34.06 0.12 0.86 9.51 0.11 0.88 9.76		
720.18 359.50 0.63 -5.13 0.00 0.25 -0.06 0.01 -0.02 -0.24 -10.69 16.19 -32.88 0.12 0.85 9.52 0.11 0.88 9.76		
720.16 359.50 0.63 -5.13 -0.12 0.06 0.06 0.03 -0.01 -0.25 -11.00 15.75 -33.69 0.14 0.86 9.50 0.11 0.88 9.76		
720.14 359.50 0.63 -5.13 0.00 0.19 0.00 0.02 -0.03 -0.23 -11.00 16.19 -33.69 0.13 0.84 9.53 0.11 0.88 9.76		
720.17 359.50 0.63 -5.13 -0.06 -0.19 0.06 0.02 -0.02 -0.25 -10.25 16.56 -32.88 0.13 0.86 9.52 0.11 0.88 9.76		
720.19 359.50 0.63 -5.13 0.00 -0.06 0.00 0.03 -0.03 -0.25 -11.75 15.38 -34.50 0.14 0.84 9.51 0.11 0.88 9.76		
720.20 359.50 0.63 -5.13 0.12 0.06 0.12 0.02 0.00 -0.27 -10.69 16.19 -33.69 0.13 0.87 9.49 0.11 0.88 9.76		
720.20 359.50 0.63 -5.13 -0.06 0.06 0.00 0.03 -0.01 -0.25 -10.25 16.56 -33.69 0.12 0.87 9.53 0.11 0.88 9.76		
720.21 359.50 0.63 -5.13 0.06 0.06 -0.12 0.02 -0.01 -0.26 -11.75 15.38 -33.69 0.13 0.86 9.50 0.11 0.88 9.76		
720.23 359.50 0.63 -5.13 0.06 0.00 0.00 0.02 0.00 -0.24 -10.69 15.75 -34.06 0.13 0.87 9.51 0.11 0.88 9.76		
720.24 359.50 0.63 -5.13 0.06 0.00 0.00 0.01 -0.02 -0.24 -11.38 15.75 -33.69 0.12 0.85 9.51 0.11 0.88 9.76		
720.26 359.50 0.63 -5.13 0.06 0.00 0.06 0.01 -0.01 -0.25 -10.69 16.19 -33.69 0.12 0.87 9.51 0.11 0.88 9.76		
720.23 359.50 0.63 -5.13 0.00 -0.06 0.00 0.02 -0.04 -0.24 -11.38 16.19 -34.06 0.13 0.83 9.52 0.11 0.88 9.76		
720.23 359.50 0.63 -5.13 0.00 -0.06 -0.06 0.01 -0.04 -0.24 -11.38 16.56 -33.25 0.14 0.85 9.51 0.11 0.88 9.76		
720.23 359.50 0.63 -5.13 -0.06 0.12 0.12 0.01 -0.01 -0.24 -11.75 16.87 -33.25 0.12 0.86 9.51 0.11 0.88 9.76		
720.23 359.50 0.63 -5.13 0.00 0.00 -0.12 0.02 -0.01 -0.24 -12.06 15.38 -32.88 0.13 0.86 9.52 0.11 0.88 9.76		
720.26 359.50 0.63 -5.13 0.00 0.12 0.12 0.01 -0.01 -0.23 -11.00 16.56 -33.69 0.12 0.86 9.53 0.11 0.88 9.76		
720.30 359.50 0.63 -5.13 0.00 -0.12 0.06 0.02 -0.01 -0.21 -10.69 16.19 -33.25 0.13 0.87 9.54 0.11 0.88 9.76		
720.34 359.50 0.63 -5.13 0.06 0.00 0.06 0.02 -0.01 -0.21 -10.25 16.19 -32.88 0.13 0.85 9.55 0.11 0.88 9.76		
720.37 359.50 0.63 -5.13 0.06 0.00 0.06 0.03 -0.03 -0.23 -10.69 16.56 -32.88 0.14 0.84 9.52 0.11 0.88 9.76		
720.39 359.50 0.63 -5.13 0.12 0.12 0.12 0.01 -0.02 -0.24 -11.38 15.38 -32.50 0.12 0.85 9.51 0.11 0.88 9.76		
720.41 359.50 0.63 -5.13 0.25 -0.12 0.00 0.01 0.00 -0.25 -11.38 16.19 -33.25 0.13 0.87 9.51 0.11 0.88 9.76		
720.39 359.50 0.63 -5.13 -0.06 0.06 -0.06 0.02 -0.01 -0.24 -11.00 15.75 -32.88 0.13 0.86 9.52 0.11 0.88 9.76		
720.39 359.50 0.63 -5.13 0.00 0.00 -0.06 0.03 -0.01 -0.25 -10.69 16.19 -32.88 0.14 0.87 9.51 0.11 0.88 9.76		
720.38 359.50 0.63 -5.13 0.06 0.00 0.06 0.02 -0.02 -0.24 -11.38 15.38 -34.06 0.13 0.85 9.51 0.11 0.88 9.76		
720.36 359.50 0.63 -5.13 -0.06 0.06 -0.12 0.02 -0.01 -0.27 -11.75 16.56 -33.69 0.13 0.86 9.49 0.11 0.88 9.76		
720.35 359.50 0.63 -5.13 -0.06 -0.06 -0.12 0.01 -0.03 -0.26 -11.00 16.19 -32.88 0.12 0.84 9.50 0.11 0.88 9.76		
720.31 359.50 0.63 -5.13 0.00 -0.06 0.00 0.02 -0.02 -0.27 -11.38 15.75 -34.50 0.13 0.85 9.49 0.11 0.88 9.76		
720.29 359.50 0.63 -5.13 0.19 -0.06 0.12 0.01 -0.02 -0.23 -12.06 16.56 -34.06 0.12 0.85 9.52 0.11 0.88 9.76		
720.26 359.50 0.63 -5.13 0.06 -0.06 -0.06 0.02 -0.03 -0.24 -10.25 16.19 -34.06 0.13 0.84 9.52 0.11 0.88 9.76		
720.24 359.50 0.63 -5.13 0.06 0.19 0.06 0.03 -0.01 -0.24 -11.38 15.75 -34.50 0.14 0.87 9.52 0.11 0.88 9.76		
720.19 359.50 0.63 -5.13 0.00 -0.06 0.00 0.03 0.00 -0.27 -11.38 16.87 -33.25 0.14 0.88 9.49 0.11 0.88 9.76		
720.16 359.50 0.63 -5.13 -0.06 0.06 0.06 0.02 0.00 -0.24 -11.75 16.56 -33.69 0.14 0.84 9.50 0.11 0.88 9.76		
720.09 359.50 0.63 -5.13 0.00 -0.06 -0.06 0.02 0.00 -0.27 -11.00 15.06 -33.69 0.13 0.87 9.49 0.11 0.88 9.76		
720.01 359.50 0.63 -5.13 0.00 0.00 -0.06 0.01 -0.02 -0.26 -11.75 15.75 -32.88 0.12 0.85 9.50 0.11 0.88 9.76		
719.92 359.50 0.63 -5.13 0.00 0.06 0.00 0.01 -0.01 -0.24 -10.25 16.87 -33.25 0.12 0.86 9.52 0.11 0.88 9.76		
719.84 359.50 0.63 -5.13 0.00 -0.06 -0.06 0.01 0.00 -0.24 -11.38 16.87 -33.25 0.12 0.89 9.52 0.11 0.88 9.76		
719.78 359.50 0.63 -5.13 0.00 0.06 -0.12 0.04 -0.02 -0.22 -11.00 16.19 -33.25 0.13 0.87 9.50 0.11 0.88 9.76		
719.72 359.50 0.63 -5.13 0.00 -0.12 0.00 0.03 -0.02 -0.22 -11.00 16.56 -32.88 0.14 0.85 9.53 0.11 0.88 9.76		
719.69 359.50 0.63 -5.13 0.00 0.00 0.00 0.03 -0.01 -0.21 -11.38 16.56 -34.06 0.14 0.86 9.54 0.11 0.88 9.76		
719.70 359.50 0.63 -5.13 0.00 -0.12 0.06 0.03 -0.04 -0.23 -11.00 16.19 -33.25 0.13 0.84 9.49 0.11 0.88 9.76		
719.65 359.50 0.63 -5.13 0.12 -0.06 -0.19 0.02 -0.02 -0.24 -10.69 16.19 -32.88 0.13 0.85 9.51 0.11 0.88 9.76		
719.66 359.50 0.63 -5.13 0.00 0.00 0.06 0.02 -0.02 -0.25 -11.00 15.75 -33.25 0.12 0.84 9.50 0.11 0.88 9.76		
719.68 359.50 0.63 -5.13 0.06 0.00 0.06 0.03 -0.01 -0.25 -11.00 15.75 -32.88 0.14 0.86 9.50 0.11 0.88 9.76		
719.67 359.50 0.63 -5.13 0.00 0.19 -0.06 0.03 -0.01 -0.28 -12.06 15.75 -33.25 0.14 0.86 9.48 0.11 0.88 9.76		
719.68 359.50 0.63 -5.13 0.00 -0.12 -0.12 0.02 -0.02 -0.25 -12.06 16.56 -33.25 0.14 0.87 9.53 0.11 0.88 9.76		
719.72 359.50 0.63 -5.13 0.06 -0.12 -0.12 0.01 -0.02 -0.23 -11.00 16.56 -33.69 0.12 0.85 9.52 0.11 0.88 9.76		
719.74 359.50 0.63 -5.13 -0.06 0.06 -0.12 0.01 -0.01 -0.24 -11.38 16.56 -34.06 0.12 0.86 9.51 0.11 0.88 9.76		
719.79 359.50 0.63 -5.13 0.00 -0.12 0.12 0.03 0.00 -0.24 -10.69 16.87 -33.69 0.11 0.87 9.49 0.11 0.88 9.76		
719.84 359.50 0.63 -5.13 0.06 -0.06 0.00 0.01 -0.02 -0.24 -11.75 16.56 -32.06 0.12 0.85 9.51 0.11 0.88 9.76		
719.90 359.50 0.63 -5.13 0.00 -0.06 0.12 0.03 -0.02 -0.24 -11.00 16.56 -33.25 0.14 0.85 9.52 0.11 0.88 9.76		
719.95 359.50 0.63 -5.13 -0.12 -0.12 0.00 0.01 -0.02 -0.21 -11.38 15.75 -34.06 0.13 0.85 9.53 0.11 0.88 9.76		
720.05 359.50 0.63 -5.13 -0.06 -0.12 0.06 0.02 -0.01 -0.24 -11.38 15.75 -32.50 0.13 0.86 9.51 0.11 0.88 9.76		
720.11 359.50 0.63 -5.13 -0.06 0.06 0.06 0.02 0.00 -0.24 -12.06 16.56 -33.69 0.13 0.88 9.51 0.11 0.88 9.76		
720.18 359.50 0.63 -5.13 0.00 0.06 -0.06 0.03 -0.01 -0.21 -11.00 15.75 -33.25 0.14 0.86 9.54 0.11 0.88 9.76		
720.25 359.50 0.63 -5.13 0.00 -0.19 0.00 0.03 0.00 -0.23 -11.38 16.19 -33.69 0.14 0.88 9.52 0.11 0.88 9.76		
720.32 359.50 0.63 -5.13 0.06 -0.12 -0.06 0.01 0.00 -0.24 -11.75 15.38 -34.06 0.13 0.84 9.53 0.11 0.88 9.76		
720.38 359.50 0.63 -5.13 0.00 0.00 -0.06 0.02 -0.03 -0.27 -11.75 16.19 -33.69 0.13 0.84 9.49 0.11 0.88 9.76		
720.44 359.50 0.63 -5.13 0.12 -0.19 -0.06 0.02 -0.04 -0.25 -11.00 16.56 -34.06 0.13 0.83 9.51 0.11 0.88 9.76		
720.51 359.50 0.63 -5.13 0.00 -0.19 0.00 0.03 0.00 -0.25 -11.75 16.56 -34.06 0.14 0.88 9.50 0.11 0.88 9.76		
720.56 359.50 0.63 -5.13 0.00 0.00 0.06 0.03 -0.01 -0.24 -11.38 16.56 -32.88 0.14 0.86 9.51 0.11 0.88 9.76		
720.60 359.50 0.63 -5.13 0.00 0.00 0.00 0.02 -0.02 -0.28 -12.06 16.56 -33.25 0.13 0.85 9.48 0.11 0.88 9.76		
720.66 359.50 0.63 -5.13 -0.06 -0.06 0.00 0.03 -0.02 -0.22 -11.38 16.19 -32.88 0.14 0.85 9.53 0.11 0.88 9.76		
720.68 359.50 0.63 -5.13 0.00 -0.12 -0.12 0.02 -0.02 -0.28 -11.38 16.87 -32.88 0.13 0.85 9.48 0.11 0.88 9.76		
720.69 359.50 0.63 -5.13 -0.06 -0.06 0.06 0.03 -0.04 -0.23 -10.69 15.75 -34.38 0.14 0.83 9.53 0.11 0.88 9.76		
720.71 359.50 0.63 -5.13 -0.12 -0.12 -0.06 0.03 -0.02 -0.24 -11.75 15.38 -33.25 0.14 0.85 9.52 0.11 0.88 9.76		
720.72 359.50 0.63 -5.13 0.06 0.12 -0.12 0.03 -0.01 -0.24 -11.75 15.38 -34.06 0.14 0.86 9.52 0.11 0.88 9.76		
720.75 359.50 0.63 -5.13 -0.06 0.06 0.06 0.02 -0.02 -0.23 -11.38 15.75 -32.88 0.13 0.85 9.53 0.11 0.88 9.76		
720.77 359.50 0.63 -5.13 0.06 0.19 -0.06 0.02 -0.02 -0.25 -11.38 16.19 -34.06 0.13 0.85 9.51 0.11 0.88 9.76		
720.78 359.50 0.63 -5.13 -0.06 0.06 -0.06 0.00 -0.02 -0.24 -12.06 16.56 -34.06 0.11 0.85 9.52 0.11 0.88 9.76		
720.78 359.50 0.63 -5.13 0.00 0.00 -0.06 0.00 -0.02 -0.26 -11.00 15.75 -32.88 0.12 0.85 9.52 0.11 0.88 9.76		
720.81 359.50 0.63 -5.13 0.06 0.00 0.00 0.02 -0.02 -0.22 -11.00 15.75 -33.25 0.13 0.85 9.53 0.11 0.88 9.76		
720.80 359.50 0.63 -5.13 0.06 0.06 -0.19 0.03 -0.01 -0.27 -11.38 16.87 -34.06 0.14 0.86 9.49 0.11 0.88 9.76		
720.80 359.50 0.63 -5.13 0.06 0.00 0.00 0.04 -0.01 -0.25 -11.38 15.75 -33.69 0.15 0.86 9.51 0.11 0.88 9.76		
720.77 359.50 0.63 -5.13 0.06 -0.12 -0.06 0.02 -0.01 -0.23 -10.69 15.75 -33.25 0.13 0.87 9.52 0.11 0.88 9.76		
720.78 359.50 0.63 -5.13 0.12 0.00 -0.06 0.03 -0.02 -0.27 -11.38 15.75 -34.38 0.13 0.86 9.51 0.11 0.88 9.76		
720.79 359.50 0.63 -5.13 0.06 -0.12 0.06 0.04 -0.01 -0.24 -11.00 16.19 -34.06 0.15 0.86 9.51 0.11 0.88 9.76		
720.79 359.50 0.63 -5.13 0.06 0.19 0.00 0.02 -0.01 -0.24 -11.38 16.19 -33.69 0.13 0.87 9.52 0.11 0.88 9.76		
720.81 359.50 0.63 -5.13 0.19 0.06 -0.12 0.03 -0.02 -0.25 -10.69 16.56 -33.69 0.13 0.86 9.50 0.11 0.88 9.76		
720.82 359.50 0.63 -5.13 0.00 0.00 -0.06 0.03 -0.01 -0.24 -11.38 16.87 -32.50 0.14 0.86 9.52 0.11 0.88 9.76		
720.83 359.50 0.63 -5.13 0.06 0.25 0.00 0.04 -0.01 -0.25 -10.69 16.19 -34.88 0.15 0.86 9.50 0.11 0.88 9.76		
720.83 359.50 0.63 -5.13 -0.06 0.19 -0.06 0.03 -0.01 -0.24 -11.00 16.56 -33.69 0.14 0.87 9.51 0.11 0.88 9.76		
720.85 359.50 0.63 -5.13 0.00 0.00 -0.06 0.03 -0.03 -0.26 -11.38 16.56 -34.06 0.14 0.84 9.50 0.11 0.88 9.76		
720.84 359.50 0.63 -5.13 0.00 -0.06 0.06 0.04 0.00 -0.23 -10.69 16.19 -33.25 0.12 0.85 9.52 0.11 0.88 9.76		
720.81 359.50 0.63 -5.13 -0.06 0.12 -0.12 0.02 -0.01 -0.25 -11.38 15.75 -34.06 0.13 0.87 9.50 0.11 0.88 9.76		
720.76 359.50 0.63 -5.13 0.12 0.12 0.06 0.03 -0.01 -0.24 -11.38 15.75 -34.06 0.14 0.86 9.52 0.11 0.88 9.76		
720.72 359.50 0.63 -5.13 -0.06 0.06 -0.12 0.03 -0.01 -0.25 -11.38 16.87 -33.69 0.14 0.86 9.51 0.11 0.88 9.76		
720.71 359.50 0.63 -5.13 0.00 -0.06 0.06 0.04 -0.03 -0.23 -11.38 15.38 -34.50 0.15 0.84 9.53 0.11 0.88 9.76		
720.70 359.50 0.63 -5.13 0.00 0.00 0.00 0.03 -0.01 -0.24 -11.75 15.38 -35.25 0.14 0.87 9.51 0.11 0.88 9.76		
720.66 359.50 0.63 -5.13 0.06 -0.12 0.00 0.01 -0.03 -0.22 -11.00 15.75 -33.25 0.13 0.90 9.53 0.11 0.88 9.76		
720.64 359.50 0.63 -5.13 -0.06 0.00 0.06 0.03 -0.02 -0.20 -10.69 16.56 -34.06 0.14 0.85 9.55 0.11 0.88 9.76		
720.63 359.50 0.63 -5.13 0.06 0.06 0.00 0.02 -0.01 -0.23 -10.69 15.75 -34.06 0.13 0.87 9.52 0.11 0.88 9.76		
720.61 359.50 0.63 -5.13 0.00 0.19 0.00 0.03 -0.02 -0.21 -12.06 16.19 -34.38 0.14 0.85 9.54 0.11 0.88 9.76		
720.57 359.50 0.63 -5.13 0.06 0.06 -0.12 0.01 -0.01 -0.24 -11.38 16.56 -34.88 0.12 0.86 9.52 0.11 0.88 9.76		
720.50 359.50 0.63 -5.13 0.19 0.06 0.00 0.02 0.00 -0.27 -11.38 15.75 -33.69 0.12 0.84 9.52 0.11 0.88 9.76		
720.45 359.50 0.63 -5.13 -0.06 -0.12 0.06 0.02 -0.03 -0.23 -10.69 15.75 -33.69 0.13 0.84 9.53 0.11 0.88 9.76		
720.38 359.50 0.63 -5.13 0.00 0.06 -0.12 0.02 0.00 -0.24 -10.69 16.56 -34.06 0.13 0.87 9.52 0.11 0.88 9.76		
720.32 359.50 0.63 -5.13 0.00 0.25 0.12 0.02 -0.02 -0.25 -11.00 15.38 -34.06 0.13 0.86 9.53 0.11 0.88 9.76		
720.28 359.50 0.63 -5.13 0.00 -0.12 -0.06 0.02 -0.01 -0.22 -10.25 16.19 -33.69 0.13 0.87 9.54 0.11 0.88 9.76		
720.24 359.50 0.63 -5.13 -0.06 0.06 -0.12 0.02 -0.01 -0.27 -9.88 16.19 -33.69 0.16 0.86 9.52 0.11 0.88 9.76		
720.19 359.50 0.63 -5.13 -0.06 0.12 -0.06 0.02 -0.01 -0.20 -10.69 16.19 -34.06 0.13 0.87 9.55 0.11 0.88 9.76		
720.17 359.50 0.63 -5.13 0.12 0.06 -0.06 0.01 -0.03 -0.26 -11.00 16.56 -32.88 0.12 0.84 9.50 0.11 0.88 9.76		
720.16 359.50 0.63 -5.13 0.00 0.12 0.00 0.01 -0.02 -0.24 -11.00 15.75 -33.69 0.13 0.87 9.54 0.11 0.88 9.76		
720.14 359.50 0.63 -5.13 0.06 0.12 -0.06 0.03 -0.02 -0.24 -11.00 16.19 -34.38 0.14 0.85 9.52 0.11 0.88 9.76		
720.13 359.50 0.63 -5.13 0.06 -0.06 0.00 0.03 -0.01 -0.24 -11.38 15.75 -32.88 0.14 0.86 9.51 0.11 0.88 9.76		
720.07 359.50 0.63 -5.13 0.00 -0.12 0.06 0.02 -0.04 -0.25 -11.00 15.06 -33.69 0.13 0.83 9.51 0.11 0.88 9.76		
720.05 359.50 0.63 -5.13 0.00 -0.12 0.12 0.02 0.00 -0.24 -10.69 15.75 -34.06 0.13 0.87 9.51 0.11 0.88 9.76		
720.03 359.50 0.63 -5.13 0.06 0.06 -0.06 0.04 -0.03 -0.25 -11.00 16.19 -32.88 0.15 0.84 9.51 0.11 0.88 9.76		
720.01 359.50 0.63 -5.13 -0.12 -0.06 0.12 0.00 0.00 -0.23 -11.75 16.19 -32.50 0.14 0.87 9.53 0.11 0.88 9.76		
719.97 359.50 0.63 -5.13 -0.12 -0.19 -0.12 0.03 0.00 -0.25 -12.06 16.56 -33.25 0.14 0.88 9.51 0.11 0.88 9.76		
719.93 359.50 0.63 -5.13 0.06 0.19 -0.06 0.03 0.00 -0.25 -11.75 16.56 -34.06 0.14 0.87 9.51 0.11 0.88 9.76		
719.90 359.50 0.63 -5.13 0.25 -0.12 0.00 0.03 -0.02 -0.23 -10.25 15.38 -33.25 0.14 0.85 9.53 0.11 0.88 9.76		
719.90 359.50 0.63 -5.13 0.12 0.12 0.00 0.02 -0.02 -0.25 -11.00 15.38 -33.25 0.13 0.85 9.51 0.11 0.88 9.76		
719.90 359.50 0.63 -5.13 -0.06 -0.19 -0.12 0.01 -0.02 -0.25 -11.00 16.19 -33.25 0.13 0.84 9.52 0.11 0.88 9.76		
719.91 359.50 0.63 -5.13 0.12 0.00 -0.06 0.03 -0.02 -0.25 -11.00 16.19 -34.06 0.14 0.85 9.50 0.11 0.88 9.76		
719.89 359.50 0.63 -5.13 -0.06 0.06 0.06 0.02 -0.02 -0.24 -11.75 16.19 -32.88 0.13 0.85 9.52 0.11 0.88 9.76		
719.89 359.50 0.63 -5.13 0.00 -0.19 0.12 0.02 -0.01 -0.23 -12.06 16.56 -33.69 0.13 0.86 9.52 0.11 0.88 9.76		
719.90 359.50 0.63 -5.13 0.12 0.06 0.00 0.01 -0.04 -0.23 -11.00 16.56 -33.25 0.12 0.83 9.53 0.11 0.88 9.76		
719.89 359.50 0.63 -5.13 -0.06 0.00 -0.06 0.04 0.00 -0.27 -11.38 16.19 -33.69 0.12 0.87 9.49 0.11 0.88 9.76		
719.90 359.50 0.63 -5.13 -0.12 0.00 -0.06 0.03 -0.02 -0.24 -11.00 15.75 -33.69 0.14 0.85 9.52 0.11 0.88 9.76		
719.94 359.50 0.63 -5.13 -0.06 0.06 -0.06 0.01 -0.01 -0.26 -11.00 15.38 -33.69 0.12 0.86 9.50 0.11 0.88 9.76		
719.94 359.50 0.63 -5.13 -0.06 0.00 -0.06 0.02 -0.01 -0.24 -10.69 16.19 -34.06 0.13 0.85 9.51 0.11 0.88 9.76		
719.92 359.50 0.63 -5.13 0.12 -0.06 0.00 0.03 -0.02 -0.27 -11.00 16.19 -34.06 0.14 0.85 9.49 0.11 0.88 9.76		
719.94 359.50 0.63 -5.13 0.00 0.06 0.00 0.04 -0.02 -0.25 -12.06 16.19 -33.25 0.15 0.85 9.51 0.11 0.88 9.76		
719.95 359.50 0.63 -5.13 -0.06 0.06 -0.06 0.01 -0.01 -0.22 -11.00 16.19 -31.75 0.14 0.85 9.50 0.11 0.88 9.76		
719.95 359.50 0.63 -5.13 0.00 -0.06 -0.06 0.02 0.00 -0.22 -11.00 16.19 -32.88 0.13 0.88 9.54 0.11 0.88 9.76		
719.95 359.50 0.63 -5.13 -0.06 0.12 -0.06 0.01 -0.02 -0.23 -12.06 15.75 -33.25 0.12 0.85 9.52 0.11 0.88 9.76		
719.99 359.50 0.63 -5.13 0.06 0.12 -0.06 0.02 -0.01 -0.26 -11.00 16.19 -33.25 0.13 0.88 9.49 0.11 0.88 9.76		
720.02 359.50 0.63 -5.13 -0.12 -0.12 0.00 0.01 -0.01 -0.24 -10.25 16.87 -32.88 0.12 0.87 9.51 0.11 0.88 9.76		
720.05 359.50 0.63 -5.13 0.06 0.06 0.06 0.03 -0.02 -0.22 -11.00 15.38 -33.69 0.14 0.85 9.54 0.11 0.88 9.76		
720.05 359.50 0.63 -5.13 -0.06 0.12 0.00 0.06 -0.02 -0.23 -11.75 16.19 -32.50 0.17 0.85 9.52 0.11 0.88 9.76		
720.00 359.50 0.63 -5.13 0.12 0.00 -0.06 0.02 -0.01 -0.28 -10.69 15.75 -33.25 0.13 0.87 9.48 0.11 0.88 9.76		
719.99 359.50 0.63 -5.13 0.19 -0.06 -0.06 0.03 0.00 -0.27 -11.38 16.87 -32.88 0.11 0.87 9.51 0.11 0.88 9.76		
720.00 359.50 0.63 -5.13 0.12 -0.12 -0.06 0.01 -0.04 -0.23 -11.75 16.19 -33.69 0.12 0.83 9.52 0.11 0.88 9.76		
720.00 359.50 0.63 -5.13 0.00 0.12 0.12 0.02 -0.01 -0.24 -11.75 16.56 -34.06 0.13 0.87 9.52 0.11 0.88 9.76		
719.97 359.50 0.63 -5.13 -0.19 -0.06 0.00 0.02 -0.04 -0.25 -12.06 16.56 -33.25 0.13 0.83 9.50 0.11 0.88 9.76		
719.97 359.50 0.63 -5.13 0.00 0.12 0.06 0.03 -0.05 -0.23 -12.06 16.19 -35.56 0.14 0.82 9.52 0.11 0.88 9.76		
719.96 359.50 0.63 -5.13 0.00 0.12 0.00 0.03 -0.01 -0.25 -11.38 16.19 -33.69 0.11 0.85 9.48 0.11 0.88 9.76		
719.94 359.50 0.63 -5.13 0.12 -0.06 0.06 0.04 -0.01 -0.23 -11.38 16.19 -33.69 0.15 0.86 9.53 0.11 0.88 9.76		
719.96 359.50 0.63 -5.13 0.00 -0.12 0.00 0.04 0.00 -0.25 -11.38 15.75 -33.25 0.15 0.88 9.51 0.11 0.88 9.76		
719.98 359.50 0.63 -5.13 0.12 -0.06 0.00 0.02 -0.02 -0.25 -11.38 16.56 -34.06 0.13 0.85 9.50 0.11 0.88 9.76		
