g
3749.99
3749.98
3749.96
3749.97
3750.00
3750.04
3750.02
3749.97
3749.96
3749.98
3750.02
3750.04
3750.04
3750.04
3750.04
3750.00
3749.96
3749.93
3749.96
3749.97
3749.99
3749.98
3749.95
3749.90
3749.89
3749.90
3749.90
3749.88
3749.85
3749.84
3749.83
3749.81
3749.78
3749.80
3749.83
3749.85
3749.85
3749.85
3749.84
3749.86
3749.88
3749.89
3749.91
3749.92
3749.94
3749.94
3749.93
3749.91
3749.89
3749.91
3749.92
3749.93
3749.92
3749.91
3749.93
3749.93
3749.92
3749.89
3749.90
3749.93
3749.94
3749.93
3749.89
3749.88
3749.86
3749.89
3749.94
3749.96
3749.96
3749.89
3749.46
3749.51
3750.12
3749.52
3746.10
3737.64
3720.13
3676.09
3572.14
3413.01
3197.45
2963.81
2729.29
2494.92
2260.51
2026.10
1791.78
1558.26
1327.09
1095.32
864.82
639.00
422.20
231.89
101.50
26.30
7.55
4.35
3.72
3.93
3.96
3.93
3.94
3.96
3.94
3.56
0.99
0.57
0.54
0.49
0.46
0.45
0.43
0.43
0.41
0.41
0.40
0.37
0.38
0.38
0.38
0.38
0.39
0.36
0.34
0.34
0.35
0.38
0.40
0.38
0.37
0.35
0.34
0.33
0.32
0.30
0.28
0.29
0.27
0.26
0.25
0.23
0.23
0.24
0.23
0.20
0.19
0.20
0.22
0.24
0.22
0.20
0.19
0.19
0.20
0.19
0.19
0.17
0.16
0.19
0.19
0.16
0.12
0.13
0.13
0.12
0.11
0.09
0.10
0.11
0.14
0.16
0.14
0.15
0.17
0.18
0.19
0.19
0.19
0.20
0.23
0.22
0.22
0.22
0.24
0.24
0.24
0.23
0.21
0.20
0.20
0.19
0.19
0.19
0.19
0.19
0.16
0.14
0.11
0.10
0.12
0.12
0.11
0.09
0.09
0.10
0.11
0.10
0.10
0.10
0.11
0.14
0.13
0.12
0.14
0.16
0.17
0.16
0.12
0.11
0.10
0.10
0.08
0.07
0.08
0.08
0.07
0.08
0.05
0.04
0.04
0.03
0.00
-0.03
-0.04
-0.03
-0.02
-0.03
-0.03
-0.03
-0.03
-0.04
-0.06
-0.05
-0.03
-0.02
0.01
0.02
0.00
0.02
0.04
0.09
0.11
0.11
0.11
0.14
0.17
0.18
0.18
0.19
0.19
0.17
0.16
0.15
0.12
0.11
0.12
0.13
0.12
0.12
0.13
0.13
0.12
0.12
0.11
0.11
0.11
0.11
0.11
0.10
0.08
0.08
0.08
0.06
0.04
0.02
0.00
-0.02
-0.04
-0.06
-0.07
-0.09
-0.08
-0.06
-0.06
-0.06
-0.04
-0.03
-0.01
-0.03
-0.03
0.01
0.04
0.05
0.06
0.08
0.08
0.09
0.11
0.10
0.09
0.06
0.05
0.06
0.05
0.05
0.06
0.08
0.08
0.05
0.04
0.05
0.05
0.04
0.04
0.06
0.05
0.06
0.05
0.05
0.04
0.01
0.02
0.02
-0.01
-0.02
-0.04
-0.04
-0.05
-0.08
-0.09
-0.09
-0.10
-0.10
-0.10
-0.10
-0.09
-0.10
-0.10
-0.08
-0.08
-0.08
-0.07
-0.07
-0.04
-0.03
0.00
0.02
0.04
0.07
0.08
0.07
0.06
0.06
0.05
0.04
0.06
0.07
0.09
0.10
0.12
0.15
0.15
0.15
0.15
0.14
0.11
0.10
0.12
0.14
0.13
0.14
0.16
0.18
0.20
0.20
0.17
0.12
0.10
0.08
0.10
0.11
0.09
0.08
0.09
0.07
0.04
0.03
0.02
-0.01
-0.04
-0.05
-0.08
-0.09
-0.08
-0.06
-0.05
-0.06
-0.08
-0.11
-0.13
-0.12
-0.12
-0.11
-0.11
-0.11
-0.08
-0.04
-0.04
-0.04
-0.04
-0.03
0.02
0.04
0.04
0.04
0.06
0.11
0.15
0.18
0.20
0.18
0.15
0.16
0.15
0.12
0.14
0.15
0.12
0.12
0.10
0.09
0.09
0.07
0.06
0.04
0.04
0.02
-0.02
-0.01
0.03
0.04
0.04
0.04
0.04
0.04
0.04
0.04
0.04
0.04
0.05
0.06
0.07
0.07
0.04
0.06
0.06
0.04
0.01
-0.02
0.00
0.03
0.03
0.04
0.05
0.05
0.05
0.04
0.03
0.02
-0.02
-0.02
-0.01
0.01
0.04
0.06
0.06
0.05
0.02
-0.01
-0.02
-0.04
-0.04
-0.06
-0.09
-0.08
-0.08
-0.09
-0.08
-0.07
-0.04
-0.06
-0.10
-0.11
-0.11
-0.09
-0.07
-0.04
-0.02
-0.03
-0.02
-0.03
-0.02
-0.02
-0.01
0.01
0.03
0.01
-0.04
-0.04
-0.03
0.00
0.01
-0.03
-0.04
-0.06
-0.06
-0.05
-0.07
-0.04
-0.01
0.03
0.03
0.02
0.02
0.02
0.01
-0.01
-0.03
-0.03
-0.01
0.00
-0.01
0.00
-0.01
0.01
0.04
0.06
0.03
0.00
-0.02
-0.03
-0.04
-0.05
-0.04
-0.04
-0.04
-0.05
-0.09
-0.09
-0.07
-0.06
-0.06
-0.10
-0.12
-0.12
-0.09
-0.08
-0.10
-0.11
-0.10
-0.07
-0.05
-0.04
-0.06
-0.05
-0.02
-0.01
-0.01
-0.03
-0.04
-0.01
0.01
-0.01
-0.01
0.01
0.04
0.05
0.04
0.03
0.02
0.02
0.02
0.01
-0.01
-0.02
0.00
0.02
0.04
0.04
0.05
0.07
0.08
0.05
0.04
0.02
0.03
0.04
0.05
0.09
0.11
0.12
0.12
0.11
0.11
0.09
0.04
0.03
0.03
0.02
0.03
0.04
0.04
0.02
0.04
0.04
0.03
0.02
0.01
-0.01
0.00
0.00
-0.02
-0.04
-0.03
-0.02
-0.04
-0.06
-0.08
-0.07
-0.04
-0.01
-0.01
-0.01
-0.01
-0.04
-0.07
-0.08
-0.08
-0.06
-0.04
0.00
0.01
0.03
0.04
0.06
0.08
0.08
0.09
0.08
0.07
0.07
0.09
0.11
0.14
0.17
0.17
0.17
0.16
0.17
0.19
0.19
0.18
0.16
0.12
0.11
0.12
0.13
0.12
0.10
0.08
0.08
0.06
0.04
0.08
0.09
0.09
0.09
0.06
0.05
0.08
0.12
0.16
0.15
0.13
0.09
0.09
0.11
0.10
0.11
0.11
0.12
0.11
0.09
0.08
0.06
0.07
0.06
0.04
0.03
-0.01
-0.04
-0.04
-0.03
-0.02
-0.04
-0.05
-0.05
-0.06
-0.09
-0.10
-0.07
-0.06
-0.06
-0.07
-0.07
-0.08
-0.08
-0.06
-0.05
-0.05
-0.05
-0.06
-0.05
-0.04
-0.04
-0.02
0.00
-0.03
-0.04
-0.06
-0.08
-0.08
-0.07
-0.05
-0.07
-0.09
-0.10
-0.11
-0.13
-0.14
-0.14
-0.17
-0.17
-0.17
-0.17
-0.17
-0.16
-0.16
-0.14
-0.13
-0.12
-0.15
-0.14
-0.11
-0.11
-0.08
-0.07
-0.06
-0.06
-0.06
-0.07
-0.08
-0.10
-0.09
-0.08
-0.09
-0.11
-0.13
-0.12
-0.11
-0.11
-0.12
-0.12
-0.12
-0.11
-0.10
-0.09
-0.07
-0.06
-0.06
-0.06
-0.04
-0.04
-0.03
0.00
0.04
0.04
0.04
0.03
0.04
0.03
-0.01
-0.04
-0.05
-0.05
-0.07
-0.08
-0.06
-0.03
-0.03
-0.03
-0.04
-0.04
-0.08
-0.11
-0.10
-0.06
-0.06
-0.05
-0.04
-0.02
-0.03
-0.04
-0.03
-0.01
-0.02
-0.04
-0.09
-0.10
-0.09
-0.09
-0.09
-0.10
-0.13
-0.14
-0.13
-0.11
-0.11
-0.11
-0.11
-0.11
-0.11
-0.11
-0.12
-0.11
-0.10
-0.10
-0.09
-0.11
-0.11
-0.08
-0.07
-0.08
-0.10
-0.13
-0.15
-0.16
-0.15
-0.14
-0.14
-0.14
-0.13
-0.16
-0.18
-0.18
-0.17
-0.15
-0.18
-0.19
-0.19
-0.20
-0.19
-0.19
-0.17
-0.15
-0.14
-0.14
-0.15
-0.16
-0.16
-0.17
-0.18
-0.17
-0.19
-0.19
-0.17
-0.13
-0.11
-0.09
-0.07
-0.05
-0.04
-0.07
-0.07
-0.05
-0.06
-0.06
-0.09
-0.11
-0.09
-0.09
-0.08
-0.04
-0.01
-0.03
-0.03
-0.01
-0.02
-0.02
-0.04
-0.04
-0.05
-0.05
-0.01
0.03
0.06
0.08
0.10
0.09
0.08
0.04
0.02
0.03
0.02
-0.03
-0.04
-0.04
-0.03
-0.02
-0.02
-0.02
-0.04
-0.05
-0.09
-0.11
-0.11
-0.08
-0.05
-0.03
-0.03
-0.05
-0.06
-0.04
0.00
0.02
0.00
0.01
0.03
0.02
0.02
0.04
0.04
0.05
0.05
0.04
0.04
0.01
-0.02
0.01
0.03
0.00
-0.04
-0.06
-0.08
-0.11
-0.12
-0.12
-0.13
-0.13
-0.13
-0.13
-0.14
-0.15
-0.14
-0.10
-0.08
-0.09
-0.09
-0.04
-0.04
-0.04
0.00
0.00
-0.01
-0.03
-0.04
-0.04
-0.04
-0.04
-0.04
-0.06
-0.07
-0.06
-0.07
-0.09
-0.09
-0.10
-0.07
-0.04
-0.04
-0.03
-0.01
0.01
0.04
0.02
0.03
0.05
0.05
0.06
0.05
0.05
0.08
0.10
0.10
0.09
0.06
0.04
0.02
0.00
0.01
0.02
-0.01
-0.01
-0.03
-0.06
-0.08
-0.07
-0.08
-0.11
-0.12
-0.14
-0.14
-0.14
-0.14
-0.15
-0.13
-0.11
-0.12
-0.14
-0.11
-0.10
-0.08
-0.06
-0.04
-0.06
-0.07
-0.07
-0.06
-0.06
-0.06
-0.07
-0.07
-0.05
-0.06
-0.06
-0.08
-0.10
-0.15
-0.17
-0.19
-0.21
-0.21
-0.22
-0.21
-0.20
-0.21
-0.20
-0.19
-0.19
-0.19
-0.20
-0.19
-0.18
-0.17
-0.14
-0.13
-0.13
-0.13
-0.11
-0.13
-0.14
-0.16
-0.16
-0.17
-0.18
-0.19
-0.19
-0.19
-0.20
-0.22
-0.22
-0.21
-0.20
-0.20
-0.20
-0.19
-0.19
-0.18
-0.17
-0.16
-0.16
-0.14
-0.14
-0.13
-0.14
-0.14
-0.12
-0.12
-0.11
-0.10
-0.09
-0.07
-0.07
-0.10
-0.09
-0.06
-0.04
-0.04
-0.07
-0.11
-0.14
-0.16
-0.16
-0.13
-0.12
-0.11
-0.11
-0.10
-0.11
-0.11
-0.09
-0.09
-0.09
-0.11
-0.13
-0.13
-0.13
-0.13
-0.12
-0.12
-0.11
-0.11
-0.11
-0.12
-0.13
-0.14
-0.17
-0.19
-0.22
-0.23
-0.22
-0.24
-0.22
-0.21
-0.19
-0.18
-0.16
-0.16
-0.19
-0.20
-0.21
-0.21
-0.21
-0.20
-0.18
-0.16
-0.13
-0.13
-0.14
-0.13
-0.13
-0.11
-0.11
-0.10
-0.09
-0.07
-0.07
-0.07
-0.08
-0.09
-0.09
-0.09
-0.07
-0.04
-0.03
-0.02
-0.01
0.01
0.02
0.02
0.03
0.04
0.04
0.05
0.09
0.11
0.11
0.11
0.08
0.05
0.03
0.00
-0.04
-0.04
-0.02
-0.02
-0.04
-0.05
-0.06
-0.09
-0.12
-0.15
-0.18
-0.19
-0.19
-0.19
-0.17
-0.17
-0.18
-0.17
-0.16
-0.19
-0.20
-0.21
-0.21
-0.21
-0.24
-0.22
-0.19
-0.19
-0.19
-0.22
-0.19
-0.16
-0.16
-0.16
-0.14
-0.11
-0.11
-0.08
-0.07
-0.06
-0.04
-0.02
0.01
0.01
-0.03
-0.02
0.03
0.04
0.03
0.04
0.04
0.04
0.03
-0.01
-0.03
-0.04
-0.04
-0.04
-0.04
-0.05
-0.10
-0.12
-0.09
-0.09
-0.12
-0.14
-0.15
-0.15
-0.16
-0.16
-0.13
-0.10
-0.05
-0.04
-0.02
-0.02
-0.02
-0.01
0.01
0.04
0.03
0.01
0.01
-0.01
-0.02
-0.04
-0.06
-0.08
-0.10
-0.11
-0.12
-0.12
-0.12
-0.12
-0.14
-0.15
-0.16
-0.16
-0.15
-0.12
-0.10
-0.08
-0.09
-0.08
-0.04
-0.02
0.02
0.05
0.06
0.04
0.01
0.01
0.03
0.04
0.04
0.03
0.01
0.01
0.02
0.04
0.04
0.03
-0.01
-0.01
-0.04
-0.08
-0.11
-0.10
-0.09
-0.10
-0.10
-0.09
-0.06
-0.06
-0.08
-0.10
-0.10
-0.11
-0.10
-0.10
-0.10
-0.12
-0.13
-0.11
-0.11
-0.11
-0.11
-0.11
-0.12
-0.15
-0.17
-0.18
-0.19
-0.19
-0.21
-0.21
-0.23
-0.24
-0.24
-0.22
-0.23
-0.24
-0.23
-0.22
-0.20
-0.19
-0.17
-0.14
-0.12
-0.10
-0.06
-0.03
-0.02
-0.03
-0.03
-0.02
-0.01
-0.01
0.01
0.01
-0.02
-0.06
-0.08
-0.07
-0.06
-0.08
-0.09
-0.11
-0.11
-0.14
-0.14
-0.12
-0.11
-0.10
-0.10
-0.10
-0.11
-0.11
-0.11
-0.11
-0.11
-0.14
-0.14
-0.14
-0.16
-0.19
-0.22
-0.23
-0.23
-0.24
-0.24
-0.22
-0.20
-0.19
-0.16
-0.14
-0.11
-0.09
-0.08
-0.08
-0.11
-0.12
-0.12
-0.11
-0.09
-0.07
-0.08
-0.07
-0.05
-0.06
-0.09
-0.11
-0.15
-0.17
-0.18
-0.16
-0.14
-0.11
-0.09
-0.08
-0.05
-0.02
-0.01
-0.04
-0.04
-0.04
-0.07
-0.06
-0.04
-0.04
-0.04
-0.04
-0.05
-0.09
-0.10
-0.11
-0.10
-0.05
-0.06
-0.08
-0.09
-0.06
-0.07
-0.07
-0.06
-0.08
-0.08
-0.05
0.00
0.02
0.04
0.04
0.01
-0.01
-0.02
-0.04
-0.06
-0.09
-0.10
-0.11
-0.09
-0.09
-0.09
-0.09
-0.09
-0.11
-0.11
-0.11
-0.10
-0.11
-0.11
-0.13
-0.13
-0.15
-0.14
-0.12
-0.12
-0.15
-0.15
-0.14
-0.15
-0.19
-0.24
-0.26
-0.27
-0.29
-0.31
-0.30
-0.25
-0.20
-0.20
-0.18
-0.17
-0.19
-0.18
-0.14
-0.13
-0.15
-0.17
-0.15
-0.13
-0.11
-0.11
-0.11
-0.11
-0.12
-0.12
-0.12
-0.13
-0.17
-0.18
-0.17
-0.16
-0.17
-0.18
-0.19
-0.20
-0.19
-0.19
-0.22
-0.24
-0.23
-0.22
-0.21
-0.22
-0.22
-0.21
-0.18
-0.15
-0.14
-0.15
-0.16
-0.14
-0.11
-0.10
-0.10
-0.06
-0.04
-0.04
-0.04
-0.04
-0.03
-0.04
-0.07
-0.09
-0.12
-0.15
-0.14
-0.12
-0.11
-0.13
-0.16
-0.17
-0.18
-0.20
-0.20
-0.19
-0.16
-0.19
-0.20
-0.19
-0.17
-0.14
-0.12
-0.12
-0.13
-0.15
-0.16
-0.13
-0.11
-0.11
-0.11
-0.12
-0.12
-0.13
-0.15
-0.14
-0.13
-0.14
-0.16
-0.19
-0.20
-0.21
-0.23
-0.23
-0.22
-0.23
-0.25
-0.25
-0.24
-0.23
-0.24
-0.25
-0.25
-0.25
-0.26
-0.26
-0.26
-0.27
-0.28
-0.27
-0.26
-0.26
-0.29
-0.28
-0.27
-0.28
-0.26
-0.26
-0.26
-0.26
-0.26
-0.25
-0.24
-0.22
-0.21
-0.19
-0.17
-0.16
-0.16
-0.15
-0.14
-0.15
-0.15
-0.14
-0.16
-0.18
-0.18
-0.15
-0.14
-0.14
-0.17
-0.16
-0.13
-0.12
-0.12
-0.12
-0.15
-0.17
-0.14
-0.11
-0.10
-0.10
-0.10
-0.11
-0.11
-0.11
-0.13
-0.13
-0.11
-0.12
-0.12
-0.13
-0.13
-0.12
-0.10
-0.11
-0.15
-0.16
-0.16
-0.15
-0.13
-0.12
-0.14
-0.15
-0.14
-0.15
-0.16
-0.17
-0.19
-0.21
-0.22
-0.22
-0.21
-0.20
-0.20
-0.21
-0.24
-0.25
-0.25
-0.24
-0.23
-0.22
-0.22
-0.20
-0.18
-0.15
-0.11
-0.10
-0.08
-0.10
-0.12
-0.11
-0.09
-0.10
-0.08
-0.07
-0.05
-0.06
-0.05
-0.04
-0.05
-0.05
-0.05
-0.05
-0.06
-0.07
-0.09
-0.11
-0.11
-0.12
-0.13
-0.12
-0.11
-0.11
-0.10
-0.09
-0.11
-0.11
-0.11
-0.11
-0.13
-0.15
-0.16
-0.16
-0.12
-0.11
-0.12
-0.11
-0.10
-0.08
-0.07
-0.10
-0.12
-0.12
-0.10
-0.10
-0.09
-0.11
-0.12
-0.14
-0.14
-0.16
-0.18
-0.17
-0.13
-0.15
-0.17
-0.17
-0.19
-0.18
-0.17
-0.18
-0.18
-0.18
-0.19
-0.18
-0.14
-0.13
-0.11
-0.08
-0.06
-0.04
-0.05
-0.04
-0.04
-0.04
-0.05
-0.04
-0.02
-0.03
-0.04
-0.04
-0.03
-0.04
-0.04
-0.05
-0.08
-0.08
-0.11
-0.11
-0.10
-0.11
-0.13
-0.14
-0.12
-0.13
-0.14
-0.14
-0.14
-0.15
-0.15
-0.14
-0.14
-0.13
-0.11
-0.14
-0.15
-0.17
-0.18
-0.15
-0.14
-0.15
-0.18
-0.19
-0.22
-0.21
-0.21
-0.22
-0.25
-0.26
-0.25
-0.25
-0.26
-0.28
-0.30
-0.30
-0.30
-0.32
-0.32
-0.29
-0.27
-0.26
-0.23
-0.22
-0.21
-0.21
-0.21
-0.20
-0.24
-0.26
-0.27
-0.26
-0.23
-0.25
-0.26
-0.26
-0.26
-0.26
-0.23
-0.22
-0.21
-0.23
-0.22
-0.22
-0.22
-0.21
-0.18
-0.15
-0.12
-0.10
-0.10
-0.10
-0.10
-0.09
-0.09
-0.10
-0.11
-0.14
-0.18
-0.19
-0.20
-0.20
-0.18
-0.16
-0.18
-0.22
-0.27
-0.29
-0.26
-0.23
-0.22
-0.22
-0.22
-0.21
-0.23
-0.23
-0.21
-0.21
-0.22
-0.19
-0.21
-0.26
-0.24
-0.19
-0.18
-0.19
-0.20
-0.23
-0.24
-0.25
-0.26
-0.28
-0.28
-0.28
-0.28
-0.26
-0.26
-0.27
-0.29
-0.26
-0.26
-0.26
-0.23
-0.20
-0.20
-0.21
-0.22
-0.20
-0.19
-0.19
-0.16
-0.12
-0.11
-0.10
-0.09
-0.09
-0.07
-0.06
-0.06
-0.05
-0.07
-0.09
-0.09
-0.09
-0.07
-0.08
-0.08
-0.07
-0.10
-0.11
-0.13
-0.17
-0.17
-0.16
-0.15
-0.17
-0.20
-0.23
-0.25
-0.25
-0.27
-0.24
-0.24
-0.24
-0.23
-0.26
-0.26
-0.30
-0.30
-0.29
-0.27
-0.27
-0.27
-0.26
-0.26
-0.26
-0.26
-0.28
-0.26
-0.28
-0.30
-0.30
-0.33
-0.29
-0.26
-0.26
-0.25
-0.25
-0.26
-0.26
-0.27
-0.27
-0.26
-0.28
-0.26
-0.22
-0.22
-0.20
-0.18
-0.18
-0.18
-0.19
-0.19
-0.19
-0.19
-0.18
-0.18
-0.19
-0.19
-0.20
-0.19
-0.16
-0.14
-0.17
-0.17
-0.17
-0.18
-0.19
-0.17
-0.16
-0.18
-0.19
-0.18
-0.19
-0.20
-0.21
-0.22
-0.22
-0.23
-0.25
-0.26
-0.24
-0.22
-0.21
-0.19
-0.18
-0.19
-0.20
-0.19
-0.18
-0.19
-0.21
-0.19
-0.16
-0.15
-0.13
-0.13
-0.10
-0.07
-0.08
-0.10
-0.11
-0.11
-0.10
-0.08
-0.07
-0.07
-0.06
-0.06
-0.06
-0.08
-0.10
-0.10
-0.11
-0.13
-0.16
-0.17
-0.18
-0.19
-0.18
-0.19
-0.19
-0.19
-0.17
-0.15
-0.13
-0.10
-0.07
-0.04
-0.03
