microsec deg hall1 hall2 accelX accelY
121499268 0 576 654 1.92 7.39
121564792 0 576 654 1.90 7.42
121630308 0 575 655 1.85 7.39
121695832 0 576 654 1.82 7.39
121761348 0 576 655 1.80 7.37
121826868 0 575 654 1.76 7.35
121892388 0 576 655 1.76 7.34
121957908 0 576 655 1.76 7.36
122023428 0 575 654 1.76 7.38
122088948 0 575 655 1.78 7.35
122154468 0 576 655 1.81 7.39
122219988 0 575 654 1.82 7.36
122285508 0 576 655 1.88 7.40
122351028 0 576 655 1.89 7.41
122416552 0 576 654 1.88 7.41
122482068 0 576 654 1.90 7.43
122547592 0 576 655 1.89 7.44
122613108 0 576 655 1.89 7.41
122678632 0 576 655 1.87 7.40
122744148 0 575 655 1.84 7.41
122809672 0 576 654 1.81 7.39
122875188 0 576 655 1.79 7.37
122940708 0 576 655 1.78 7.35
123006232 0 575 655 1.76 7.36
123071752 0 575 654 1.74 7.34
123137276 0 576 654 1.76 7.35
123202792 0 576 655 1.80 7.36
123268316 0 575 654 1.82 7.39
123333840 0 576 654 1.83 7.38
123399360 0 575 655 1.88 7.40
123464880 0 576 655 1.89 7.41
123530400 0 576 655 1.90 7.41
123595920 0 576 655 1.91 7.43
123661440 0 576 655 1.90 7.43
123726956 0 575 655 1.88 7.43
123792480 0 576 655 1.86 7.38
123858000 0 576 654 1.83 7.40
123923520 0 575 654 1.79 7.38
123989040 0 575 655 1.78 7.36
124054560 0 576 655 1.76 7.36
124120080 0 575 655 1.76 7.34
124185592 0 576 655 1.76 7.33
124251112 0 575 654 1.76 7.35
124316632 0 575 654 1.77 7.37
124382152 0 576 655 1.82 7.38
124447672 0 576 655 1.85 7.39
124513192 0 576 655 1.87 7.41
124578712 0 575 654 1.91 7.43
124644232 0 576 655 1.91 7.41
124709752 0 575 654 1.90 7.45
124775276 0 576 655 1.89 7.42
124840792 0 575 654 1.85 7.42
124906312 0 576 654 1.84 7.43
124971832 0 575 654 1.82 7.38
125037348 0 575 655 1.79 7.35
125102868 0 575 655 1.78 7.34
125168388 0 575 654 1.77 7.35
125233908 0 575 654 1.77 7.34
125299432 0 575 654 1.76 7.35
125364948 0 575 655 1.78 7.37
125430472 0 575 654 1.81 7.38
125495988 0 575 653 1.85 7.38
125561508 0 575 655 1.85 7.41
125627032 0 576 654 1.88 7.41
125692548 0 576 654 1.92 7.43
125758072 0 574 654 1.93 7.42
125823588 0 575 654 1.91 7.42
125889112 0 575 654 1.89 7.38
125954628 0 575 654 1.89 7.38
126020148 0 575 654 1.83 7.38
126085672 0 575 654 1.80 7.37
126151188 0 575 654 1.80 7.37
126216712 0 575 654 1.80 7.37
126282228 0 575 654 1.77 7.36
126347752 0 575 654 1.76 7.34
126413268 0 575 654 1.77 7.38
126478792 0 575 654 1.78 7.36
126544308 0 575 654 1.81 7.38
126609832 0 575 654 1.84 7.41
126675348 0 575 654 1.85 7.41
126740868 0 575 654 1.88 7.41
126806388 0 575 654 1.89 7.42
126871908 0 575 654 1.90 7.41
126937428 0 574 654 1.92 7.42
127002948 0 575 654 1.89 7.40
127068472 0 575 655 1.87 7.39
127133988 0 575 655 1.83 7.38
127199512 0 574 654 1.81 7.37
127265036 0 575 655 1.77 7.35
127330556 0 575 654 1.76 7.36
127396076 0 574 654 1.76 7.33
127461596 0 575 654 1.76 7.37
127527120 0 575 654 1.77 7.36
127592640 0 575 654 1.81 7.40
127658160 0 575 654 1.81 7.39
127723680 0 575 654 1.84 7.39
127789200 0 574 654 1.87 7.41
127854720 0 575 654 1.89 7.41
127920240 0 575 654 1.89 7.40
127985760 0 575 654 1.90 7.40
128051280 0 575 654 1.90 7.41
128116800 0 575 654 1.87 7.41
128234204 2 574 654 1.84 0.00
128366788 8 31457 0 0.00 0.00
128392272 8 -10486 0 7.37 0.00
128506992 11 654 28836 7.32 1.76
128584544 13 10486 0 0.00 0.00
128665252 14 -31457 0 0.00 0.00
128700664 14 -2621 0 7.37 0.00
128755628 14 654 -20972 7.42 0.00
128825308 14 654 -13107 7.41 0.00
128894996 14 5243 7864 0.00 0.00
128963632 14 13107 7864 0.00 0.00
129033316 14 31457 -13107 0.00 1.93
129105076 14 -13107 575 0.00 1.89
129174752 14 28836 575 0.00 1.88
129243384 14 7864 575 0.00 1.86
129310992 14 31457 575 0.00 1.84
129379624 14 -10486 575 0.00 1.81
129449304 14 13107 575 0.00 1.79
129517944 14 10486 575 0.00 1.77
129586584 14 -10486 575 0.00 1.76
129656264 14 -7864 575 0.00 1.76
129776820 17 13107 575 0.00 0.00
129854320 20 654 0 7.39 0.00
129931680 25 654 0 7.40 0.00
130009048 28 654 0 7.40 0.00
130086388 29 654 0 7.41 0.00
130111844 29 654 0 1.91 7.42
130171556 29 575 655 1.91 7.40
130238112 29 575 655 1.90 7.40
130304672 29 575 654 1.89 7.40
130423116 28 575 654 1.87 0.00
130451952 28 -20972 0 7.28 0.00
130513484 28 654 -10486 7.41 0.00
130583156 28 654 -28836 7.34 0.00
130652840 28 18350 15729 0.00 1.76
130723568 28 -10486 574 0.00 1.76
130793248 28 -10486 575 0.00 1.76
130862932 28 31457 575 0.00 1.81
130931572 28 -31457 575 0.00 1.75
131001252 28 0 575 0.00 1.81
131065728 28 -2621 575 0.00 1.95
131134372 28 23593 575 0.00 1.91
131203016 28 7864 575 0.00 1.92
131270612 28 7864 575 0.00 1.92
131390112 25 7864 575 0.00 0.00
131467556 19 654 0 7.38 0.00
131544920 15 654 0 7.33 0.00
131570376 15 654 0 1.75 7.35
131681980 11 575 654 1.83 0.00
131707532 11 654 0 1.82 7.25
131769236 11 575 654 1.76 7.36
131835796 11 574 654 1.78 7.36
131902356 11 575 654 1.79 7.35
132020820 12 574 654 1.80 0.00
132046364 12 -20972 0 7.40 0.00
132111200 12 654 -2621 7.35 0.00
132179836 12 654 -13107 7.45 0.00
132249520 12 31457 -15729 0.00 0.00
132321280 12 -23593 28836 0.00 1.84
132393044 12 5243 575 0.00 1.90
132460644 12 7864 575 0.00 1.83
132528244 12 31457 575 0.00 1.82
132596884 12 7864 574 0.00 1.89
132664484 12 28836 575 0.00 1.77
132733124 12 -23593 574 0.00 1.74
132802796 12 28836 575 0.00 1.78
132871440 12 7864 575 0.00 1.79
132939032 12 15729 575 0.00 1.79
133007668 12 -28836 575 0.00 1.78
133077348 12 10486 575 0.00 1.85
133145988 12 -10486 574 0.00 1.84
133215668 12 10486 574 0.00 1.90
133284308 12 -15729 575 0.00 1.90
133353988 12 31457 575 0.00 1.91
133422628 12 7864 575 0.00 1.90
133490228 12 7864 575 0.00 1.89
133557828 12 -13107 574 0.00 1.85
133679424 13 28836 574 0.00 0.00
133756968 16 654 0 7.36 0.00
133834292 19 654 0 7.36 0.00
133911660 22 654 0 7.36 0.00
133989016 24 654 0 7.35 0.00
134066376 26 654 0 7.37 0.00
134143716 29 654 0 7.35 0.00
134221080 32 654 0 7.37 0.00
134298440 35 654 0 7.39 0.00
134375800 38 654 0 7.43 0.00
134453164 40 654 0 7.40 0.00
134530492 42 654 0 7.39 0.00
134607864 45 654 0 7.42 0.00
134685228 47 654 0 7.41 0.00
134762604 50 654 0 7.40 0.00
134839956 53 654 0 7.38 0.00
134917320 55 655 0 7.37 0.00
134994660 57 654 0 7.35 0.00
135072004 58 654 0 7.36 0.00
135149368 60 654 0 7.35 0.00
135226708 62 654 0 7.35 0.00
135304052 65 654 0 7.39 0.00
135381380 67 653 0 7.39 0.00
135458744 69 654 0 7.40 0.00
135536068 70 654 0 7.41 0.00
135561524 70 654 0 1.90 0.00
135621236 70 28836 574 0.00 1.89
135689868 70 -15729 574 0.00 1.88
135759556 70 -13107 574 0.00 1.87
135829236 70 31457 574 0.00 1.86
135897876 70 31457 574 0.00 1.80
135966524 70 31457 574 0.00 1.79
136035156 70 -31457 574 0.00 1.77
136156744 72 -31457 574 0.00 0.00
136234524 74 654 0 7.36 0.00
136311900 78 650 0 7.33 0.00
136389248 81 634 0 7.15 0.00
136414700 81 638 0 2.10 7.36
136474404 81 592 654 1.67 5.60
136592860 81 643 685 1.45 0.00
136631576 81 5243 -13107 0.00 0.00
136686352 81 20972 0 0.81 0.00
136752912 81 763 15729 0.45 0.00
136821552 81 755 18350 2.83 0.00
136890196 81 687 18350 4.19 0.00
136958836 81 708 -15729 0.67 0.00
137028516 81 761 -26214 1.00 0.00
137098196 81 765 -20972 3.17 0.00
137167884 81 -23593 -18350 0.00 0.00
137240684 81 2621 -7864 0.00 0.28
137310360 81 13107 761 0.00 -3.21
137380044 81 20972 766 0.00 3.03
137448676 81 -26214 762 0.00 -1.62
137519392 81 10486 660 0.00 -1.36
137589072 81 -2621 618 0.00 1.72
137657712 81 10486 760 0.00 -2.65
137727392 81 0 767 0.00 -1.49
137792908 81 -23593 756 0.00 -2.99
137863632 81 -20972 635 0.00 3.99
137933308 81 695 709 -3.26 2.61
138000912 81 761 762 -2.71 1.90
138068512 81 767 767 -1.82 3.50
138136108 81 759 760 1.87 1.40
138202668 81 639 678 -2.08 3.79
138270268 81 646 699 -3.72 2.59
138337872 81 761 762 -3.16 5.05
138405468 81 767 767 -0.73 4.23
138473072 81 760 760 -0.15 1.46
138540672 81 677 688 1.50 0.38
138607228 81 665 700 -2.92 2.32
138674832 81 760 762 -1.43 3.16
138742428 81 766 767 -1.90 6.01
138810028 81 763 761 -0.65 0.33
138877632 81 712 690 -1.15 2.48
138945232 81 653 692 -0.40 1.82
139012832 81 760 762 -2.33 2.61
139080428 81 766 767 0.10 3.49
139146988 81 764 761 -1.05 3.77
139214592 81 716 688 -1.17 2.53
139282192 81 642 685 -1.80 1.44
139349792 81 759 761 -4.95 3.94
139417392 81 766 767 2.44 1.83
139483952 81 765 762 -1.70 3.35
139551556 81 726 705 0.96 2.10
139618116 81 673 679 -0.74 1.93
139685716 81 759 761 0.92 1.45
139752276 81 768 767 4.23 0.17
139818836 81 766 762 -2.01 4.95
139886436 81 731 713 -0.35 0.74
139954036 81 679 676 -4.30 0.11
140021632 81 757 758 -0.56 0.90
140089236 81 766 767 -0.16 0.05
140156836 81 765 763 0.27 2.10
140223396 81 728 715 1.76 0.64
140289956 81 695 654 -1.69 0.91
140357552 81 755 758 0.26 -0.12
140425156 81 766 767 -1.38 0.89
140492752 81 764 764 -0.09 3.33
140560352 81 734 725 -1.07 0.62
140627952 81 647 635 -0.53 -0.07
140696604 81 756 758 0.04 2.59
140763160 81 766 767 1.42 2.26
140829720 81 769 764 -2.41 0.34
140897324 81 745 726 -0.64 -0.64
140965964 81 647 652 1.93 1.01
141032524 81 753 756 0.94 1.67
141099084 81 768 768 -2.26 2.73
141166684 81 769 765 -2.33 -0.54
141235324 81 749 734 -1.13 3.35
141302920 81 661 645 0.49 2.81
141369480 81 748 753 1.24 1.32
141436044 81 766 766 -0.40 -1.47
141504684 81 768 765 0.27 -0.56
141572284 81 748 737 -0.58 -0.84
141640924 81 665 641 0.08 -1.34
141708512 81 746 753 0.11 0.90
141775072 81 766 766 -0.09 0.20
141842676 81 769 765 -3.77 1.35
141910280 81 752 741 -0.37 1.90
141977872 81 653 640 -1.12 1.62
142045464 81 745 751 -1.63 0.08
142113072 81 766 766 -3.26 0.57
142180676 81 766 765 1.77 1.18
142247228 81 752 744 -2.32 0.80
142314832 81 740 621 -0.71 0.90
142382428 81 743 748 -2.53 -0.77
142451072 81 765 766 -0.41 -0.46
142519712 81 767 766 -0.74 0.13
142587312 81 754 746 1.74 1.92
142653872 81 704 634 0.39 -1.59
142721472 81 739 748 -2.40 1.21
142789068 81 765 766 0.00 2.37
142907544 82 768 766 1.18 0.00
142933096 82 2621 0 1.68 0.00
142995828 82 646 640 -2.04 2.48
143063428 82 741 749 -3.67 -1.06
143132068 82 765 766 -2.28 1.13
143199668 82 769 766 -1.01 1.55
143267268 82 756 747 0.14 1.60
143333828 82 678 640 0.91 0.59
143400388 82 733 741 -0.23 0.84
143467988 82 765 765 -2.11 0.90
143535588 82 768 766 1.58 0.25
143602148 82 758 751 -2.11 2.32
143669748 82 723 642 -0.54 0.23
143737348 82 715 732 -3.62 0.42
143804948 82 765 765 -1.46 1.44
143872548 82 768 767 -1.67 0.05
143940148 82 761 755 2.03 -1.33
144007748 82 700 652 0.15 0.93
144074308 82 721 732 -0.55 0.15
144141908 82 765 765 -2.43 0.86
144209508 82 767 767 -0.14 0.92
144277108 82 763 757 2.91 1.78
144343668 82 734 660 -0.70 1.39
144411268 82 704 713 1.14 0.89
144477828 82 763 764 -1.41 2.94
144545428 82 765 767 -1.29 1.30
144613028 82 766 760 -1.49 0.53
144680628 82 722 681 -2.61 0.94
144748228 82 713 696 -1.64 1.08
144815828 82 761 762 -3.41 0.68
144883428 82 766 767 -0.15 2.48
144951028 82 767 761 -1.88 2.05
145018628 82 721 694 3.09 -0.30
145086228 82 721 686 -0.95 0.65
145153828 82 762 762 -3.93 0.63
145221440 82 767 767 -0.95 1.69
145289036 82 768 762 0.89 1.64
145355600 82 737 703 1.80 -0.70
145423200 82 686 682 -1.36 1.42
145490800 82 758 759 -1.64 1.72
145558396 82 766 767 0.05 -0.15
145625996 82 764 763 -1.34 1.55
145693600 82 733 714 -0.02 3.15
145761196 82 720 651 -2.63 -0.10
145829840 82 758 758 -1.76 2.22
145897440 82 767 767 0.78 -0.30
145965036 82 768 764 0.80 0.74
146031596 82 742 726 -1.65 0.45
146099196 82 697 648 -1.38 -0.78
146167844 82 754 756 0.44 1.70
146234404 82 766 767 -0.39 -1.23
146354948 83 768 764 0.99 0.00
146435668 84 -23593 0 0.00 0.00
146568288 86 -31457 0 0.00 0.00
146649004 87 18350 0 0.00 0.00
146729724 88 -10486 0 0.00 0.00
146761852 88 15729 0 0.92 0.00
146872008 89 736 -26214 1.76 0.00
146949812 90 -13107 23593 0.00 0.00
146981092 90 -7864 -26214 0.00 0.00
147049556 90 20972 0 0.00 0.00
147116112 90 -31457 -2621 0.00 0.00
147187876 90 -5243 31457 0.00 -1.76
147259628 90 31457 766 0.00 -2.12
147329304 90 23593 769 0.00 0.45
147397940 90 -10486 749 0.00 -1.12
147468660 90 5243 641 0.00 -2.24
147537300 90 31457 748 0.00 1.60
147605940 90 20972 766 0.00 2.33
147674580 90 10486 769 0.00 0.22
147743220 90 23593 752 0.00 0.64
147811860 90 -2621 628 0.00 1.16
147880500 90 26214 746 0.00 -1.24
147950180 90 -23593 766 0.00 1.12
148019860 90 10486 767 0.00 1.87
148088500 90 0 743 0.00 0.61
148152980 90 -15729 698 0.00 -0.34
148223700 90 28836 744 0.00 1.65
148292340 90 26214 766 0.00 -2.57
148362020 90 18350 769 0.00 -0.22
148431712 90 28836 750 0.00 2.98
148500352 90 28836 633 0.00 0.06
148568992 90 10486 748 0.00 2.22
148637628 90 -18350 766 0.00 -1.01
148708348 90 0 766 0.00 -0.49
148773872 90 -10486 747 0.00 -1.45
148844596 90 15729 712 0.00 1.21
148913232 90 10486 749 0.00 1.32
148981876 90 -26214 765 0.00 -1.40
149052592 90 -20972 768 0.00 1.10
149122276 90 18350 746 0.00 1.00
149190912 90 18350 679 0.00 -2.44
149260580 90 -7864 747 0.00 2.77
149329220 90 -2621 766 0.00 -0.96
149398900 90 -31457 769 0.00 0.08
149468580 90 -10486 750 0.00 -0.90
149539300 90 2621 637 0.00 -0.60
149607940 90 2621 754 0.00 -1.24
149676580 90 13107 767 0.00 -1.80
149746260 90 15729 768 0.00 0.88
149814900 90 31457 745 0.00 -0.50
149884580 90 -13107 639 0.00 0.75
149954260 90 -7864 749 0.00 0.82
150022900 90 13107 766 0.00 -2.32
150092580 90 15729 769 0.00 3.70
150161228 90 20972 743 0.00 1.86
150229872 90 0 603 0.00 -2.32
150295392 90 26214 747 0.00 2.10
150364032 90 -10486 766 0.00 0.57
150433712 90 31457 769 0.00 -1.03
150503392 90 -13107 749 0.00 -1.31
150574116 90 -5243 595 0.00 0.71
150642756 90 -26214 747 0.00 2.91
150712432 90 23593 766 0.00 0.52
150781076 90 -23593 769 0.00 -0.17
150851796 90 13107 749 0.00 -0.07
150921472 90 -18350 676 0.00 0.31
150991140 90 -13107 755 0.00 2.37
151060820 90 7864 769 0.00 0.56
151128420 90 0 768 0.00 -1.07
151193940 90 -13107 745 0.00 -1.86
151264660 90 -31457 713 0.00 0.54
151334340 90 -15729 753 0.00 -1.50
151405060 90 -18350 766 0.00 0.32
151474740 90 -10486 765 0.00 3.93
151544420 90 18350 743 0.00 -0.18
151614100 90 -26214 729 0.00 0.11
151683780 90 10486 756 0.00 1.69
151752420 90 -28836 766 0.00 -3.14
151823140 90 18350 764 0.00 0.43
151891788 90 733 714 1.79 -0.08
151959392 90 732 624 -1.63 0.90
152026992 90 756 754 2.67 0.23
152093552 90 768 767 4.01 -0.18
152161152 90 769 764 -0.51 2.08
152228752 90 752 736 1.23 0.75
152295312 90 684 638 -3.33 0.92
152362912 90 747 750 -3.28 -1.55
152431548 90 766 766 1.09 1.26
152498112 90 763 766 1.33 1.14
152564668 90 751 741 0.45 1.29
152631228 90 642 634 -1.83 0.92
152698832 90 738 740 1.12 0.67
152765392 90 767 765 -1.61 0.32
152832992 90 770 766 0.35 -0.36
152900592 90 760 751 -1.58 2.42
152968188 90 724 646 -1.06 -0.69
153036832 90 734 729 -3.37 -0.69
153105472 90 766 765 -0.08 1.11
153173076 90 769 766 1.43 -0.22
153240676 90 761 755 0.29 0.53
153307236 90 719 656 -0.74 0.53
153374836 90 715 716 1.43 -0.07
153442436 90 764 764 0.40 2.63
153508996 90 767 767 -1.81 2.65
153576592 90 765 759 0.10 2.16
153643156 90 739 680 -0.14 2.81
153710756 90 683 702 -1.54 0.73
153778352 90 760 762 -0.27 1.64
153845956 90 765 767 0.38 1.36
153912512 90 766 760 1.68 1.71
153979076 90 742 704 1.07 1.03
154045636 90 657 678 0.45 0.44
154112196 90 757 760 -2.97 1.36
154179796 90 766 767 -2.88 0.64
154247396 90 766 764 0.15 1.17
154313956 90 736 719 -0.65 2.28
154381548 90 688 649 -1.29 0.10
154449152 90 750 756 -1.80 1.25
154516752 90 766 767 0.14 0.73
154583312 90 769 765 1.55 1.34
154649872 90 751 736 0.88 2.62
154716436 90 587 642 0.40 -0.68
154784024 90 739 749 -2.73 0.60
154851620 90 766 767 -1.99 -0.67
154920260 90 769 766 0.40 2.13
154986820 90 752 743 0.24 0.42
155053380 90 622 638 -0.22 1.63
155120980 90 731 743 1.97 -1.14
155188580 90 765 766 1.55 1.68
155255140 90 765 766 0.16 1.94
155321700 90 758 752 -0.36 1.65
155389300 90 743 646 -1.43 0.44
155456900 90 721 733 -3.00 -1.62
155525540 90 764 765 -1.80 1.89
155593140 90 768 767 -0.89 0.29
155660740 90 761 756 -1.67 1.10
155728340 90 723 662 -1.00 0.84
155795940 90 691 720 0.09 -1.47
155863540 90 762 763 0.93 0.69
155930100 90 767 767 -1.04 2.82
155997700 90 764 759 2.37 1.25
156064260 90 727 672 -0.76 -0.18
156132900 90 678 702 -1.09 3.97
156200500 90 762 763 -2.48 -1.06
156269140 90 765 767 0.33 2.67
156335700 90 766 760 0.47 -0.21
156403300 90 740 696 2.89 0.02
156469860 90 665 682 -2.08 2.83
156537460 90 758 760 2.03 -0.94
156605060 90 766 767 2.84 2.05
156671620 90 768 763 1.20 2.16
156738180 90 740 717 -0.28 0.77
156805780 90 653 665 0.57 2.37
156872340 90 751 757 -0.29 1.92
156939940 90 765 767 -2.19 -1.17
157008580 90 769 765 -4.06 1.82
157076180 90 749 732 -0.77 1.65
157143780 90 642 648 -0.59 -0.32
157212420 90 748 753 2.60 -0.22
157280020 90 767 767 2.58 0.80
157346580 90 764 765 0.46 1.81
157413140 90 748 738 -1.77 0.61
157480740 90 744 622 -1.39 0.56
157548352 90 749 749 -2.37 1.67
157615952 90 766 766 -2.60 -0.59
157684592 90 765 766 -0.80 0.68
157752192 90 755 746 0.18 2.64
157818748 90 717 634 -1.38 2.13
157886352 90 744 740 0.14 0.18
157952912 90 766 766 -0.20 0.84
158020512 90 766 766 -1.10 0.32
158088112 90 762 754 -1.31 0.95
158155708 90 701 651 0.07 -1.41
158223312 90 738 725 -1.55 -0.34
158291952 90 766 765 -3.75 0.56
158359552 90 770 767 -2.02 0.35
158427156 90 763 756 -0.44 -2.45
158495796 90 731 664 1.12 1.80
158562352 90 727 720 0.75 0.43
158628916 90 765 764 -0.79 2.97
158696512 90 768 768 -0.06 5.03
158764112 90 764 759 2.04 3.39
158830676 90 740 688 0.48 0.71
158897236 90 680 702 1.29 1.17
158963792 90 759 761 1.34 2.43
159030352 90 766 767 1.67 1.17
159096916 90 767 761 0.46 2.15
159163472 90 732 712 -2.34 0.65
159231076 90 680 668 1.16 3.74
159297636 90 754 758 1.96 -1.24
159365236 90 766 767 1.52 2.21
159431796 90 769 764 -2.78 3.52
159499392 90 747 727 -0.82 1.16
159566996 90 619 647 -2.77 -1.48
159635636 90 751 756 0.77 0.47
159702196 90 765 767 -1.53 -0.17
159770836 90 766 765 -0.08 1.20
159838436 90 750 741 0.68 3.82
159904996 90 697 634 -2.13 -0.48
159973636 90 744 751 1.59 0.66
160040192 90 766 766 0.70 1.69
160106752 90 769 766 -1.64 1.16
160174352 90 756 748 0.58 0.28
160240912 90 652 640 1.40 1.01
160307472 90 726 740 2.07 2.44
160374032 90 764 765 0.22 2.28
160440596 90 768 767 -1.75 0.76
160508184 90 759 754 1.57 0.54
160574744 90 720 652 1.13 1.37
160641304 90 706 724 -0.65 1.97
160708900 90 762 764 1.26 3.81
160775460 90 766 767 1.59 1.87
160842020 90 764 758 3.77 1.92
160908580 90 740 682 -2.37 3.61
160976180 90 669 700 -1.39 1.98
161043780 90 760 762 -0.73 1.22
161111380 90 766 767 0.59 3.33
161177940 90 765 761 -0.62 2.91
161245540 90 740 703 1.00 1.25
161312100 90 649 679 -1.57 -0.02
161380740 90 757 759 1.50 0.93
161447300 90 766 767 1.70 -0.61
161514900 90 766 763 0.31 0.49
161581460 90 737 721 -2.27 2.10
161649060 90 682 649 -0.99 0.67
161716660 90 751 756 -3.60 1.59
161836176 92 766 767 0.19 0.00
161896620 98 28836 0 0.00 0.00
161977416 112 643 638 -1.27 0.00
162054920 131 745 0 1.56 0.00
162132312 156 767 0 -2.25 0.00
162209728 174 762 0 -0.74 0.00
162287108 176 655 0 1.39 0.00
162364516 173 749 0 0.44 0.00
162390012 173 767 0 0.80 4.29
162451768 173 763 766 2.10 1.36
162519368 173 762 753 3.87 1.74
162638900 179 608 645 3.10 0.00
162716372 180 -18350 31457 0.00 0.00
162748680 180 2621 -13107 0.00 0.00
162817156 180 -2621 0 0.00 0.00
162884756 180 -20972 -13107 0.00 0.00
162958588 180 20972 20972 0.00 2.45
163030344 180 26214 766 0.00 0.83
163100024 180 -23593 766 0.00 1.83
163170744 180 -15729 684 0.00 0.32
163241460 180 -23593 735 0.00 0.65
163312180 180 768 766 2.56 -0.31
163380824 180 769 765 -3.88 0.14
163449460 180 743 718 0.90 1.81
163517060 180 645 684 1.82 0.09
163584664 180 761 763 1.37 -0.09
163653304 180 766 767 3.89 0.04
163720904 180 758 752 3.34 2.64
163788504 180 742 618 2.42 0.00
163856100 180 754 18350 -2.40 0.00
163926824 180 764 -2621 0.22 0.00
163996508 180 -15729 15729 0.00 0.00
164069308 180 20972 -28836 0.00 4.39
164142116 180 -5243 749 0.00 2.45
164211796 180 20972 766 0.00 0.72
164281476 180 18350 762 0.00 -2.16
164352196 180 31457 720 0.00 4.36
164421864 180 -23593 649 0.00 2.94
164492580 180 28836 763 0.00 0.59
164562264 180 5243 768 0.00 -2.31
164631944 180 20972 753 0.00 2.48
164701624 180 -18350 699 0.00 -2.38
164773384 180 31457 758 0.00 1.55
164843060 180 31457 765 0.00 5.29
164912740 180 23593 763 0.00 2.37
164982420 180 -20972 631 0.00 -2.29
165054180 180 -5243 741 0.00 -0.86
165124904 180 -10486 766 0.00 -2.77
165196668 180 -23593 766 0.00 0.17
165267388 180 669 667 1.79 -0.20
165336032 180 716 723 -2.08 0.00
165404664 180 766 -7864 -0.72 0.00
165527300 180 767 -7864 -0.47 1.56
165554236 180 -13107 614 0.00 0.00
165624956 180 18350 26214 0.00 0.00
165696716 180 -2621 15729 0.00 1.31
165768472 180 20972 765 0.00 0.29
165838148 180 -13107 736 0.00 3.75
165908872 180 0 635 0.00 -3.15
165975424 180 -20972 761 0.00 2.29
166046144 180 7864 766 0.00 2.57
166114784 180 -10486 760 0.00 -0.12
166186544 180 10486 649 0.00 0.44
166256224 180 749 752 -0.95 -0.93
166325908 180 767 767 4.24 1.23
166393504 180 765 761 0.27 0.93
166461104 180 695 675 2.36 0.71
166528704 180 698 706 -1.70 -4.27
166598392 180 764 765 -3.93 -0.06
166668064 180 763 766 0.18 0.90
166735668 180 747 738 2.23 0.96
166803268 180 601 641 1.42 1.83
166870868 180 759 760 1.10 2.97
166938468 180 766 767 0.49 1.47
167006068 180 764 760 1.58 -2.33
167074708 180 655 659 4.39 -0.26
167143348 180 730 741 -2.06 -0.10
167213032 180 765 766 1.74 1.20
167280628 180 765 764 -2.35 0.93
167349272 180 730 716 -2.57 0.28
167417912 180 675 656 2.85 1.47
167485516 180 765 764 1.98 1.24
167553116 180 767 767 1.98 -1.38
167621756 180 758 752 2.07 3.47
167689356 180 729 627 0.72 1.53
167756956 180 753 753 -0.22 0.71
167825604 180 767 767 1.34 1.67
167893196 180 765 762 -2.74 1.81
167961832 180 726 686 3.49 3.26
168029432 180 708 710 -2.71 -2.98
168099112 180 766 765 -3.73 1.30
168167748 180 768 766 1.37 1.01
168235344 180 749 737 2.07 2.94
168354864 180 704 632 -4.63 0.00
168383752 180 15729 0 2.07 0.00
168447312 180 767 13107 -2.36 0.00
168518032 180 763 28836 0.59 0.00
168587708 180 2621 -2621 0.00 0.00
168658432 180 31457 28836 0.00 1.12
168730188 180 -7864 766 0.00 0.97
168799872 180 -10486 765 0.00 -1.13
168871632 180 -26214 654 0.00 5.19
168942352 180 23593 727 0.00 -1.65
169013076 180 -28836 766 0.00 5.08
169083796 180 -31457 763 0.00 -1.75
169155552 180 -13107 725 0.00 0.80
169226284 180 0 673 0.00 0.47
169291804 180 -23593 764 0.00 1.00
169362524 180 2621 764 0.00 -4.61
169432204 180 31457 745 0.00 1.92
169501884 180 -5243 578 0.00 -3.38
169572592 180 15729 757 0.00 -0.02
169643312 180 765 767 -2.26 0.83
169711952 180 763 754 -1.47 -2.47
169781632 180 624 644 -3.28 -0.63
169851312 180 745 750 1.11 0.56
169918912 180 766 767 3.19 3.22
169986508 180 762 764 -1.74 -0.58
170056192 180 726 704 -2.10 1.74
170124832 180 678 700 -3.26 -2.89
170194508 180 763 765 0.33 1.13
170262112 180 765 766 -2.92 0.46
170330752 180 751 743 1.73 2.39
170398348 180 620 622 -3.03 0.76
170466988 180 757 757 -0.88 0.02
170535632 180 768 768 1.02 1.09
170603228 180 765 759 1.30 1.71
170670832 180 735 659 0.82 2.33
170738432 180 729 734 0.95 -0.74
170807068 180 765 766 4.29 1.00
170874672 180 763 765 -1.79 -0.49
170944356 180 741 727 2.96 4.35
171011956 180 659 655 -0.70 -1.31
171081636 180 762 763 0.55 2.77
171201124 180 764 767 -4.30 0.00
171230020 180 -15729 31457 0.00 0.00
171298772 180 -13107 -26214 0.00 -0.32
171373668 180 26214 763 0.00 3.73
171443340 180 -31457 767 0.00 1.74
171514060 180 -23593 763 0.00 0.96
171584776 180 18350 593 0.00 0.46
171654456 180 750 756 1.37 -0.56
171723088 180 766 767 -1.38 0.76
171791728 180 767 763 -1.26 0.51
171860368 180 707 687 6.20 0.62
171927968 180 722 705 -2.66 -0.37
171997648 180 766 765 -1.87 2.84
172066296 180 769 766 0.39 0.04
172133888 180 749 739 0.72 -0.01
172202536 180 655 642 -3.28 -1.33
172272208 180 758 761 -0.01 2.39
172340848 180 766 767 2.11 0.41
172408448 180 764 756 1.45 2.24
172476048 180 661 649 -5.14 -2.53
172545728 180 735 740 2.07 1.41
172613328 180 768 766 2.57 -0.36
172681968 180 767 764 -2.68 -0.06
172751648 180 729 705 -2.36 0.93
172820292 180 725 679 0.44 3.16
172887892 180 764 764 2.00 1.99
172955492 180 766 767 -0.96 0.11
173024132 180 755 746 -1.12 -0.02
173093812 180 662 634 3.77 0.00
173161412 180 759 -2621 1.76 0.00
173231092 180 766 -15729 2.48 0.00
173301816 180 -15729 13107 0.00 1.78
173374620 180 -18350 616 0.00 1.95
173445340 180 -10486 737 0.00 3.75
173516056 180 767 767 1.25 1.28
173583656 180 764 764 -0.71 -0.68
173653328 180 712 694 4.52 2.14
173720928 180 672 688 2.14 1.15
173788528 180 763 764 3.68 3.65
173856128 180 765 767 -1.34 0.65
173924768 180 753 746 2.71 4.55
173992368 180 630 621 -1.48 -1.33
174062048 180 754 756 0.82 -1.42
174130688 180 768 767 -1.72 -0.13
174200368 180 765 760 0.04 0.29
174267968 180 697 663 0.99 0.90
174335568 180 730 731 -1.00 2.83
174404208 180 766 766 -4.49 -0.71
174473888 180 767 765 -2.11 0.75
174542528 180 740 721 -1.98 0.93
174611168 180 725 659 -0.13 -0.03
174680848 180 763 762 3.05 2.87
174748448 180 768 767 -1.18 -0.44
174818132 180 758 752 -2.07 3.27
174886772 180 739 622 -1.01 0.74
174955412 180 750 753 0.22 1.61
175023012 180 766 767 1.72 0.82
175090612 180 761 762 -0.50 1.25
175159252 180 693 681 -0.56 2.98
175227892 180 678 710 2.15 0.56
175295500 180 765 766 -2.36 1.31
175364140 180 767 766 -2.55 1.35
175432776 180 749 738 2.34 3.13
175500380 180 720 638 -1.10 1.46
175569020 180 760 760 -2.41 0.73
175637660 180 768 767 -0.43 2.97
175706300 180 764 757 1.83 2.54
175773900 180 725 646 -1.63 -0.43
175843576 180 746 743 -4.60 0.33
175912216 180 767 767 1.96 0.76
175979816 180 766 764 1.81 0.52
176047416 180 738 707 0.74 2.15
176115016 180 713 677 -0.69 0.71
176183648 180 764 764 2.33 3.90
176251248 180 766 767 3.50 1.16
176318848 180 757 749 -2.91 1.00
176387488 180 669 638 2.05 1.12
176455088 180 753 756 1.51 -1.55
176523728 180 766 768 1.39 2.06
176591328 180 764 761 -3.40 -1.95
176661016 180 698 676 2.37 2.41
176728608 180 716 724 2.84 -0.95
176797248 180 765 766 -2.84 1.64
176865888 180 763 765 -4.36 1.53
176934528 180 742 730 0.16 1.36
177002128 180 585 657 1.29 -2.27
177070768 180 758 761 -2.05 -0.49
177140448 180 766 768 -3.03 -0.06
177210128 180 761 755 3.15 2.61
177277728 180 737 622 1.98 1.11
177345340 180 744 746 -2.03 0.18
177413972 180 766 767 -0.50 -1.80
177483652 180 763 764 2.18 1.07
177551252 180 717 694 1.97 4.19
177618852 180 675 698 -2.06 -1.05
177688532 180 764 765 -0.44 1.67
177757176 180 765 766 1.96 0.87
177824776 180 751 742 -0.79 4.91
177893420 180 670 615 0.86 0.93
177961016 180 759 759 -2.30 -0.44
178030700 180 769 767 2.10 1.73
178098300 180 764 759 1.09 3.90
178165896 180 705 658 -0.58 0.74
178234540 180 724 737 -1.97 0.54
178303180 180 765 767 -0.01 2.04
178371816 180 766 764 -2.34 -0.15
178441496 180 734 718 1.32 1.02
178509092 180 720 681 -2.22 2.11
178577732 180 763 763 0.50 3.30
178645328 180 766 767 2.89 0.78
178764848 180 758 750 0.47 0.00
178790444 180 -31457 28836 0.00 0.00
178861456 180 10486 2621 0.00 0.00
178932176 180 20972 -31457 0.00 4.10
179004976 180 -23593 756 0.00 1.61
179075696 180 18350 732 0.00 1.87
179145376 180 -15729 746 0.00 0.73
179216092 180 20972 766 0.00 -2.84
179286816 180 -20972 761 0.00 -2.31
179358580 180 15729 682 0.00 1.05
179428260 180 -5243 700 0.00 1.35
179497940 180 -23593 765 0.00 -0.01
179569708 180 -23593 768 0.00 -3.31
179641468 180 13107 736 0.00 0.51
179711148 180 699 688 1.24 -1.66
179779788 180 763 764 -3.29 -0.08
179849456 180 764 766 3.64 3.07
179917064 180 758 747 0.72 1.95
179984656 180 551 642 -0.21 0.86
180053292 180 754 758 -0.71 0.36
180121936 180 766 767 0.78 1.39
180189532 180 766 761 -1.66 0.36
180258176 180 692 671 -1.89 0.45
180326816 180 727 721 0.22 0.71
180394416 180 767 766 3.26 1.66
180462016 180 768 765 -1.19 3.00
180530652 180 748 734 -0.67 1.91
180599296 180 686 650 0.45 -0.19
180667936 180 759 761 1.13 1.65
180735532 180 765 767 -1.66 -1.00
180805216 180 762 756 -1.42 1.91
180873852 180 580 644 3.18 0.40
180941452 180 737 749 -4.57 -0.15
181011136 180 766 766 -2.22 -0.10
181080816 180 768 763 0.24 0.38
181148416 180 737 691 1.04 2.20
181216016 180 696 704 -1.49 -2.14
181285700 180 764 765 -1.58 1.02
181354340 180 763 767 2.26 3.14
181421940 180 750 737 -2.44 2.21
181490580 180 496 652 -2.02 -3.97
181560264 180 754 759 -1.61 2.94
181628896 180 766 768 -1.88 0.67
181697548 180 765 758 1.80 3.19
181765148 180 656 651 1.30 0.70
181832748 180 735 740 3.11 0.67
181900344 180 767 767 1.03 1.93
181967948 180 766 765 3.15 -0.95
182036588 180 737 718 -1.29 2.70
182105224 180 719 660 0.33 1.17
182172828 180 764 763 0.62 2.58
182240428 180 765 767 -1.43 1.79
182309068 180 761 751 -3.23 0.78
182377700 180 599 643 -0.23 1.09
182446344 180 748 755 0.31 1.11
182513936 180 766 767 1.34 -0.10
182582572 180 765 762 2.93 1.39
182650184 180 671 672 -1.06 -1.45
182719856 180 690 707 1.61 -1.76
182788496 180 764 766 -4.29 2.49
182857136 180 766 766 3.13 3.18
182924736 180 743 736 1.18 1.05
182992336 180 668 629 -2.08 1.29
183060976 180 761 760 -2.64 1.54
183129612 180 770 768 0.76 -0.38
183198252 180 762 757 -1.47 2.17
183266892 180 708 644 -0.93 2.89
183335536 180 738 745 -0.38 1.10
183404172 180 766 767 0.15 0.33
183471776 180 761 763 3.58 0.48
183539376 180 722 704 2.41 3.78
183606972 180 635 685 0.33 0.76
183674576 180 762 763 -2.16 1.92
183743216 180 767 767 -1.96 -0.08
183812896 180 756 748 -0.52 3.91
183881540 180 722 618 -4.55 -1.49
183951220 180 753 757 -1.07 0.84
184019860 180 765 767 0.57 -0.05
184088500 180 766 760 1.91 1.30
184156100 180 706 656 0.82 2.94
184223700 180 735 729 -1.94 0.56
184292340 180 767 766 0.63 3.34
184359948 180 769 765 1.93 1.54
184427544 180 745 725 2.45 1.87
184495148 180 646 667 -3.57 -1.33
184564828 180 759 762 0.33 -0.14
184633468 180 765 767 4.01 0.84
184701068 180 760 754 -0.96 -0.15
184770748 180 721 628 -0.99 2.61
184839388 180 750 750 0.25 -1.00
184908020 180 767 766 1.60 -1.34
184976656 180 766 763 -2.67 1.85
185045296 180 729 691 -2.06 -2.03
185114976 180 721 707 2.48 2.33
185182572 180 765 767 -1.46 1.98
185251216 180 764 766 2.14 0.97
185318816 180 750 737 0.70 1.93
185386416 180 546 656 3.04 -0.63
185455056 180 756 760 3.42 1.67
185522652 180 766 767 -2.19 0.36
185591296 180 763 758 -0.75 -0.69
185660976 180 737 643 1.35 1.41
185728576 180 737 742 -1.03 -1.11
185798252 180 765 768 -0.12 2.14
185866896 180 764 764 0.87 -0.97
185935536 180 734 712 -1.31 2.33
186004172 180 675 684 2.58 0.20
186071776 180 762 764 2.73 3.82
186139376 180 765 767 2.43 1.06
186206976 180 753 746 3.03 0.02
186274576 180 661 615 -2.41 -1.29
186344260 180 755 757 -1.17 -2.52
186413940 180 768 767 -1.45 1.37
186482580 180 766 761 0.65 2.03
186550180 180 724 663 0.09 0.76
186617780 180 738 733 2.34 0.88
186685380 180 765 766 -0.31 0.38
186754016 180 768 766 -2.61 0.00
186822668 180 724 18350 2.36 0.00
186892344 180 642 23593 1.61 0.00
186962028 180 2621 -18350 0.00 -0.86
187034828 180 -5243 764 0.00 1.01
187104496 180 26214 760 0.00 4.18
187226100 173 18350 514 0.00 0.00
187303904 161 767 0 0.31 0.00
187381284 149 763 0 1.54 0.00
187458692 144 654 0 -0.89 0.00
187484200 144 757 0 4.93 0.32
187546984 144 765 765 4.06 3.63
187614580 144 764 766 2.70 1.50
187682176 144 738 717 1.84 0.99
187749776 144 645 700 5.13 0.96
187817384 144 765 766 5.97 0.18
187884976 144 765 764 -2.57 1.39
187953624 144 683 666 5.59 -1.01
188022256 144 725 735 -1.30 0.00
188142812 145 766 767 3.25 0.00
188220320 146 20972 18350 0.00 0.00
188248292 146 -31457 0 0.19 0.00
188368856 147 763 23593 0.30 4.66
188394752 147 -13107 756 0.00 0.45
188465460 147 26214 524 0.00 2.57
188535140 147 7864 722 0.00 -0.64
188604820 147 15729 766 0.00 4.38
188726416 149 -10486 762 0.00 0.00
188805272 157 745 0 0.87 0.00
188882644 174 768 0 0.29 0.00
188960020 180 750 0 0.99 0.00
188985524 180 644 0 0.01 0.19
189047272 180 707 732 -2.22 -0.22
189116952 180 766 766 -2.57 0.49
189185592 180 763 764 -0.09 -0.45
189255268 180 601 682 4.27 1.69
189322872 180 671 721 2.65 -0.01
189391508 180 767 767 -1.19 0.56
189460148 180 763 764 -0.22 -0.42
189529832 180 648 681 2.25 2.93
189597428 180 701 733 -0.52 0.51
189666068 180 768 767 0.11 1.14
189733672 180 766 763 1.73 1.19
189801276 180 740 675 0.93 0.63
189868876 180 706 727 0.23 4.29
189936476 180 768 767 0.46 0.17
190055956 174 764 763 1.06 0.00
190133456 168 23593 -7864 0.00 0.00
190213336 162 -15729 2621 0.00 0.00
190293220 157 2621 -31457 0.00 -2.19
190374148 151 -13107 417 0.00 2.55
190401072 151 757 761 0.24 0.00
190520584 149 -7864 768 0.00 0.00
190598392 146 715 0 -0.95 0.00
190623908 146 686 0 0.65 2.07
190686688 146 739 752 1.22 -0.26
190807240 146 768 766 0.10 0.00
190832836 146 -26214 31457 0.00 0.00
190903844 146 -7864 5243 0.00 0.00
190974564 146 -2621 23593 0.00 1.30
191046324 146 -15729 770 0.00 3.81
191168964 149 -31457 751 0.00 0.00
191195892 149 716 -2621 0.90 0.00
191317460 161 762 2621 0.02 1.82
191395028 179 -18350 750 0.00 0.64
191473864 180 693 620 0.27 0.00
191499460 180 765 0 2.28 1.95
191563196 180 769 767 4.81 2.50
191630800 180 764 763 1.14 0.01
191698400 180 610 672 -0.24 1.60
191767040 180 706 735 0.33 2.72
191834636 180 768 767 2.44 1.60
191902232 180 764 763 1.69 0.74
191969840 180 704 671 -0.22 3.00
192038476 180 707 733 0.11 -0.43
192107120 180 769 767 -1.20 4.39
192175760 180 767 763 0.30 1.41
192243360 180 749 661 -1.30 -1.50
192313040 180 722 739 -2.59 1.27
192381680 180 769 767 1.73 -1.06
192450320 180 765 762 2.08 1.27
192517920 180 752 657 -3.16 -2.39
192587604 180 730 744 -1.85 -0.62
192657280 180 768 766 -1.32 -0.71
192726964 180 763 760 3.87 2.97
192794564 180 567 642 0.91 -2.11
192863200 180 738 750 -0.24 2.21
192983732 168 769 766 2.43 0.00
193042252 153 -23593 0 0.00 0.00
193128084 147 722 742 3.73 0.00
193205588 143 768 0 1.25 0.00
193231096 143 757 0 -0.82 3.64
193293868 143 731 732 3.25 2.19
193361468 143 692 630 -0.84 -2.55
193431148 143 763 764 -1.20 4.29
193499788 143 767 766 1.97 3.25
193567388 143 725 736 -0.94 -0.49
193688964 138 505 666 -2.06 0.00
193766480 129 -26214 -18350 0.00 0.00
193848456 117 -28836 -13107 0.00 0.00
193930428 105 5243 0 0.00 -0.63
194007852 96 18350 769 0.00 0.56
194085384 95 763 760 4.21 0.00
194110940 95 620 0 -1.00 2.16
194173672 95 651 679 1.00 1.47
194240236 95 763 764 0.72 2.94
194306792 95 766 766 1.75 -1.95
194426276 91 732 738 2.62 0.00
194503740 84 -2621 -23593 0.00 0.00
194583632 76 26214 -10486 0.00 0.00
194663528 66 -13107 23593 0.00 0.90
194743408 58 -2621 705 0.00 -0.14
194821216 55 769 767 -0.57 0.00
194846772 55 758 0 -1.77 1.89
194910544 55 731 729 0.64 -1.38
194978140 55 688 632 2.18 -1.98
195097664 56 763 763 0.86 0.00
195175084 51 -18350 13107 0.00 0.00
195254968 44 18350 -28836 0.00 0.00
195334828 39 -20972 -15729 0.00 0.00
195415724 33 -10486 15729 0.00 0.00
195495580 28 -5243 28836 0.00 0.00
195574412 24 7864 20972 0.00 0.00
195652180 23 5243 31457 0.00 0.00
195678068 23 23593 -20972 0.00 0.00
195749828 23 2621 23593 0.00 -3.23
195820556 23 7864 751 0.00 0.99
195888156 23 23593 768 0.00 0.71
195956792 23 -23593 761 0.00 3.77
196026476 23 -28836 557 0.00 0.31
196148040 22 -15729 733 0.00 0.00
196225812 19 764 0 1.81 0.00
196303160 16 659 0 -1.10 0.00
196380528 14 740 0 1.78 0.00
196457880 12 765 0 -0.34 0.00
196535256 11 768 0 5.96 0.00
196612616 9 766 0 6.75 0.00
196638032 9 766 0 1.61 7.71
196747612 8 770 766 0.70 0.00
196825008 6 767 -23593 7.79 0.00
196902484 5 -10486 31457 0.00 0.00
196981324 4 31457 -2621 0.00 0.00
197059112 2 -15729 -7864 0.00 0.00
197137944 0 0 -7864 0.00 0.00
197163384 0 2621 -18350 0.00 0.00
197229348 0 26214 -26214 0.00 1.70
197300072 0 26214 770 0.00 1.63
197367672 0 26214 770 0.00 1.60
197435272 0 10486 770 0.00 1.76
197502872 0 23593 770 0.00 1.95
197570472 0 18350 770 0.00 2.15
197638072 0 -28836 770 0.00 2.18
197706712 0 10486 770 0.00 2.03
197774312 0 -26214 771 0.00 1.74
197842960 0 -15729 770 0.00 1.47
197911600 0 -23593 770 0.00 1.24
197980240 0 10486 770 0.00 1.23
198047840 0 5243 770 0.00 1.46
198114400 0 18350 770 0.00 1.77
198181996 0 -15729 771 0.00 1.99
198250640 0 -23593 771 0.00 2.14
198319280 0 -28836 770 0.00 2.11
198387920 0 15729 770 0.00 1.93
198455520 0 -20972 770 0.00 1.76
198524156 0 -18350 770 0.00 1.64
198592792 0 5243 770 0.00 1.67
198659352 0 -13107 770 0.00 1.76
198727988 0 -18350 771 0.00 1.92
198796632 0 -20972 769 0.00 2.03
198865268 0 -2621 770 0.00 1.94
198932868 0 0 770 0.00 1.82
198996308 0 2621 770 0.00 1.53
199062868 0 15729 770 0.00 1.36
199130468 0 2621 771 0.00 1.28
199197028 0 -13107 770 0.00 1.44
199265672 0 -23593 770 0.00 1.71
199334308 0 7864 770 0.00 1.97
199400868 0 18350 770 0.00 2.20
199468472 0 -10486 770 0.00 2.23
199537108 0 -10486 770 0.00 2.12
199605748 0 -28836 770 0.00 1.88
199674388 0 -20972 770 0.00 1.68
199743028 0 -13107 771 0.00 1.59
199811668 0 -31457 769 0.00 1.58
199880312 0 -10486 770 0.00 1.69
199948948 0 28836 770 0.00 1.84
200016548 0 23593 770 0.00 1.90
200084148 0 -18350 770 0.00 1.80
200152788 0 -18350 770 0.00 1.66
200221428 0 31457 770 0.00 1.51
200289028 0 15729 770 0.00 1.40
200356628 0 20972 770 0.00 1.46
200424228 0 20972 770 0.00 1.66
200491832 0 -31457 770 0.00 1.98
200560472 0 -2621 770 0.00 2.19
200628072 0 -10486 770 0.00 2.27
200696712 0 7864 770 0.00 2.19
200763272 0 13107 770 0.00 1.98
200830872 0 18350 770 0.00 1.70
200898472 0 28836 771 0.00 1.48
200966072 0 15729 770 0.00 1.47
201033672 0 18350 770 0.00 1.51
201101272 0 -7864 770 0.00 1.65
201168872 0 10486 770 0.00 1.80
201236476 0 -15729 770 0.00 1.85
201305120 0 26214 770 0.00 1.80
201372720 0 -15729 770 0.00 1.72
201441360 0 -13107 770 0.00 1.59
201509996 0 -31457 770 0.00 1.57
201578644 0 -7864 770 0.00 1.68
201646236 0 31457 770 0.00 1.88
201713840 0 -20972 770 0.00 2.12
201782480 0 15729 770 0.00 2.22
201850080 0 10486 770 0.00 2.19
201917672 0 -31457 770 0.00 2.00
201986324 0 -2621 771 0.00 1.71
202053912 0 -10486 770 0.00 1.44
202122548 0 20972 770 0.00 1.35
202190148 0 23593 770 0.00 1.38
202257752 0 20972 770 0.00 1.56
202325348 0 -28836 770 0.00 1.76
202393988 0 -15729 771 0.00 1.88
202462628 0 23593 770 0.00 1.95
202530228 0 23593 770 0.00 1.86
202597832 0 23593 770 0.00 1.76
202665428 0 5243 770 0.00 1.69
202731988 0 -15729 771 0.00 1.70
202800632 0 7864 770 0.00 1.79
202867188 0 -18350 771 0.00 1.94
202935828 0 -23593 770 0.00 2.10
203004468 0 15729 770 0.00 2.12
203072068 0 -7864 770 0.00 2.00
203139668 0 -23593 771 0.00 1.76
203208308 0 5243 770 0.00 1.51
203274868 0 -26214 771 0.00 1.32
203343508 0 -18350 770 0.00 1.34
203412152 0 -18350 770 0.00 1.49
203480788 0 -5243 770 0.00 1.70
203548392 0 28836 770 0.00 1.94
203615988 0 20972 769 0.00 2.07
203683588 0 -2621 771 0.00 2.03
203751188 0 -23593 770 0.00 1.91
203819832 0 20972 770 0.00 1.77
203887432 0 23593 770 0.00 1.69
203955032 0 -15729 770 0.00 1.71
204023672 0 26214 770 0.00 1.83
204091272 0 -18350 771 0.00 1.92
204159912 0 23593 770 0.00 1.99
204227512 0 20972 770 0.00 1.90
204295112 0 -20972 771 0.00 1.76
204363752 0 5243 770 0.00 1.58
204430312 0 -28836 770 0.00 1.40
204498960 0 20972 770 0.00 1.35
204566560 0 23593 770 0.00 1.48
204634160 0 -2621 770 0.00 1.69
204701760 0 7864 770 0.00 1.95
204768320 0 -20972 770 0.00 2.14
204836960 0 -28836 770 0.00 2.17
204905600 0 -28836 770 0.00 2.03
204974240 0 -26214 770 0.00 1.88
205042880 0 23593 770 0.00 1.71
205110480 0 28836 770 0.00 1.65
205178080 0 10486 770 0.00 1.67
205245672 0 -13107 771 0.00 1.76
205314316 0 5243 770 0.00 1.82
205380884 0 -15729 769 0.00 1.83
205449508 0 26214 770 0.00 1.76
205517108 0 7864 770 0.00 1.64
205583672 0 -10486 770 0.00 1.51
205652308 0 15729 770 0.00 1.46
205719908 0 18350 770 0.00 1.51
205787512 0 15729 770 0.00 1.69
205855108 0 7864 770 0.00 1.93
205921672 0 0 771 0.00 2.11
205985108 0 13107 770 0.00 2.19
206052708 0 -10486 770 0.00 2.13
206121348 0 -28836 770 0.00 1.97
206189988 0 -2621 771 0.00 1.74
206257592 0 28836 770 0.00 1.60
206325188 0 -7864 771 0.00 1.53
206392792 0 15729 770 0.00 1.59
206460388 0 15729 770 0.00 1.69
206527988 0 -10486 770 0.00 1.77
206596632 0 7864 770 0.00 1.82
206663188 0 5243 770 0.00 1.75
206729752 0 -15729 770 0.00 1.69
206798388 0 -13107 770 0.00 1.60
206867028 0 13107 771 0.00 1.59
206934628 0 13107 770 0.00 1.69
207002228 0 28836 770 0.00 1.86
207069832 0 23593 770 0.00 2.04
207137428 0 -26214 770 0.00 2.15
207206068 0 -31457 770 0.00 2.14
207274708 0 -28836 770 0.00 1.96
207343348 0 -23593 770 0.00 1.74
207411988 0 -13107 770 0.00 1.58
207480632 0 -28836 770 0.00 1.44
207549272 0 20972 770 0.00 1.46
207668776 2 18350 770 0.00 0.00
207746260 5 766 -28836 7.42 0.00
207823748 6 -13107 -18350 0.00 0.00
207851732 6 -13107 -18350 0.00 0.00
207975400 6 -28836 5243 0.00 7.43
208001288 6 770 767 1.70 7.43
208118712 7 770 767 1.72 0.00
208144216 7 7864 2621 0.00 0.00
208259944 6 23593 0 0.00 7.55
208285452 6 770 767 2.06 7.57
208399116 6 770 766 2.07 0.00
208424620 6 20972 -2621 0.00 0.00
208490528 6 -10486 -15729 0.00 1.69
208614180 6 -10486 770 0.00 0.00
208639756 6 767 0 1.41 7.24
208702472 6 770 766 1.41 7.25
208767984 6 770 766 1.52 7.31
208885412 6 770 767 1.67 0.00
208910928 6 23593 -20972 0.00 0.00
209029740 6 10486 -2621 0.00 7.52
209055640 6 770 766 1.90 7.51
209173072 6 770 766 1.84 0.00
209198580 6 18350 5243 0.00 0.00
209315324 6 28836 -18350 0.00 7.45
209342252 6 770 766 1.82 7.47
209407776 6 770 766 1.89 7.46
209473304 6 770 767 1.93 7.52
209538824 6 770 766 1.93 7.47
209604344 6 770 766 1.83 7.44
209669856 6 770 766 1.69 7.41
209787260 6 770 766 1.57 0.00
209812768 6 -15729 0 7.26 0.00
209927436 6 766 2621 7.25 1.50
209953004 6 -26214 770 0.00 1.69
210018836 6 -13107 770 0.00 1.81
210087476 6 -18350 770 0.00 1.95
210156116 6 -2621 770 0.00 2.06
210223716 6 -26214 770 0.00 2.05
210292356 6 -5243 770 0.00 1.95
210359956 6 20972 770 0.00 1.83
210427560 6 -18350 769 0.00 1.71
210548092 6 -15729 770 0.00 0.00
210573668 6 766 -28836 7.41 0.00
210641580 6 766 -10486 7.45 0.00
210710224 6 15729 5243 0.00 1.82
210778864 6 5243 770 0.00 1.76
210845420 6 -15729 770 0.00 1.68
210914064 6 10486 770 0.00 1.57
210981664 6 -7864 771 0.00 1.51
211049264 6 18350 769 0.00 1.51
211168772 6 -28836 769 0.00 0.00
211194348 6 767 13107 7.48 0.00
211313116 6 767 0 7.56 2.08
211338544 6 -28836 771 0.00 2.11
211401404 6 -7864 771 0.00 2.06
211520892 6 15729 770 0.00 0.00
211546460 6 766 -26214 7.41 0.00
211613344 6 766 13107 7.37 0.00
211680940 6 23593 13107 0.00 1.61
211802508 7 13107 770 0.00 0.00
211880004 6 766 -26214 7.43 0.00
211957508 6 0 7864 0.00 0.00
212034832 6 -10486 7864 0.00 0.00
212060728 6 2621 -10486 0.00 0.00
212182292 6 -23593 13107 0.00 7.36
212209228 6 770 766 1.62 7.38
212274740 6 770 767 1.71 7.43
212392180 6 771 767 1.82 0.00
212417688 6 -18350 -2621 0.00 0.00
212484632 6 26214 -28836 0.00 2.11
212607240 6 -28836 770 0.00 0.00
212684728 6 766 0 7.47 0.00
212762028 6 766 0 7.37 0.00
212787436 6 768 0 1.53 7.30
212897032 6 770 767 1.51 0.00
212974416 6 26214 15729 0.00 0.00
213000312 6 -5243 -31457 0.00 0.00
213071036 6 28836 7864 0.00 1.78
213191584 7 7864 770 0.00 0.00
213268988 6 766 0 7.43 0.00
213346324 7 766 0 7.42 0.00
213423632 6 767 0 7.43 0.00
213500968 6 767 0 7.46 0.00
213526376 6 767 0 1.92 7.51
213584068 6 770 766 1.97 7.52
213649584 6 770 767 2.03 7.56
213715108 6 770 767 2.03 7.55
213780628 6 771 766 1.92 7.50
213846144 6 770 767 1.81 7.41
213911668 6 770 766 1.59 7.35
214029088 6 770 767 1.48 0.00
214054588 6 -7864 18350 0.00 0.00
214120504 6 -10486 18350 0.00 1.57
214191228 6 15729 770 0.00 1.70
214310712 6 31457 770 0.00 0.00
214336284 6 767 0 1.90 7.48
214449872 6 770 766 1.87 0.00
214475380 6 -31457 -18350 0.00 0.00
214595276 6 -10486 26214 0.00 7.43
214622220 6 770 767 1.79 7.46
214739612 6 770 766 1.82 0.00
214765116 6 -5243 -20972 0.00 0.00
214883980 6 -26214 0 0.00 7.49
214961396 6 770 767 7.45 0.00
214986904 6 766 0 1.69 7.37
215046564 6 770 766 1.63 7.37
215164008 6 770 766 1.54 0.00
215241408 6 -7864 -26214 0.00 0.00
215320244 6 18350 -26214 0.00 0.00
215399068 7 31457 -10486 0.00 0.00
215477908 7 -31457 26214 0.00 0.00
215556732 6 28836 -2621 0.00 0.00
215634532 6 0 -2621 0.00 0.00
215711892 6 2621 0 0.00 0.00
215789224 6 -20972 2621 0.00 0.00
215815116 6 0 5243 0.00 0.00
215879596 6 0 28836 0.00 1.77
215945120 6 5243 770 0.00 1.81
216011680 6 -18350 770 0.00 1.82
216080324 6 5243 770 0.00 1.81
216146884 6 5243 771 0.00 1.77
216213436 6 28836 770 0.00 1.64
216332952 6 13107 770 0.00 0.00
216410428 6 767 0 7.33 0.00
216435844 6 7