microsec deg hall1 hall2 accelX accelY
66500 0 -13107 0 8.27 0.00
113908 0 603 18350 8.27 0.00
178392 0 603 -15729 8.28 0.00
243908 0 0 -23593 0.00 0.27
307352 0 -13107 831 0.00 0.29
372872 0 20972 831 0.00 0.29
437352 0 20972 831 0.00 0.29
501832 0 10486 831 0.00 0.24
566312 0 -10486 831 0.00 0.18
631832 0 -20972 831 0.00 0.15
697352 0 -31457 831 0.00 0.12
762864 0 23593 831 0.00 0.11
827344 0 -20972 831 0.00 0.12
892864 0 -31457 831 0.00 0.14
958384 0 0 831 0.00 0.17
1018704 0 0 831 0.00 0.19
1080064 0 -10486 831 0.00 0.22
1146620 0 10486 832 0.00 0.24
1212140 0 0 831 0.00 0.23
1273504 0 0 831 0.00 0.23
1334860 0 20972 832 0.00 0.22
1400380 0 0 831 0.00 0.23
1461744 0 0 831 0.00 0.26
1523100 0 31457 831 0.00 0.24
1588620 0 10486 831 0.00 0.23
1654140 0 10486 831 0.00 0.25
1719660 0 0 831 0.00 0.22
1781020 0 0 831 0.00 0.22
1842392 0 10486 831 0.00 0.20
1907912 0 0 831 0.00 0.20
1969272 0 -10486 831 0.00 0.15
2035832 0 -20972 831 0.00 0.15
2102392 0 -20972 832 0.00 0.14
2168952 0 0 831 0.00 0.13
2230312 0 -20972 831 0.00 0.13
2296872 0 0 831 0.00 0.16
2358224 0 0 831 0.00 0.18
2419584 0 0 831 0.00 0.20
2480940 0 0 831 0.00 0.22
2542300 0 0 831 0.00 0.24
2603664 0 -23593 831 0.00 0.23
2670220 0 10486 831 0.00 0.26
2735740 0 20972 831 0.00 0.27
2801260 0 31457 831 0.00 0.26
2866780 0 10486 830 0.00 0.25
2932300 0 31457 831 0.00 0.24
2997820 0 10486 831 0.00 0.20
3063340 0 0 831 0.00 0.18
3124700 0 -10486 831 0.00 0.17
3191260 0 -31457 832 0.00 0.14
3257820 0 -31457 831 0.00 0.17
3324380 0 0 831 0.00 0.16
3385744 0 -31457 831 0.00 0.19
3452300 0 -10486 831 0.00 0.18
3518860 0 10486 831 0.00 0.20
3584380 0 0 831 0.00 0.19
3645744 0 10486 832 0.00 0.20
3711260 0 10486 831 0.00 0.19
3776788 0 10486 831 0.00 0.18
3842316 0 0 830 0.00 0.22
3903676 0 10486 831 0.00 0.22
3969192 0 0 831 0.00 0.26
4030552 0 20972 832 0.00 0.25
4096072 0 10486 831 0.00 0.26
4161592 0 20972 831 0.00 0.26
4227112 0 31457 831 0.00 0.26
4292632 0 20972 831 0.00 0.21
4358152 0 0 831 0.00 0.20
4419504 0 0 831 0.00 0.15
4480864 0 -10486 831 0.00 0.16
4547424 0 -20972 830 0.00 0.14
4613984 0 -20972 831 0.00 0.16
4680544 0 -10486 831 0.00 0.17
4747104 0 -20972 831 0.00 0.19
4813664 0 -20972 831 0.00 0.20
4880224 0 20972 831 0.00 0.23
4945744 0 10486 831 0.00 0.24
5011264 0 31457 831 0.00 0.22
5076780 0 -10486 831 0.00 0.21
5143340 0 20972 831 0.00 0.20
5208860 0 0 831 0.00 0.18
5270220 0 0 831 0.00 0.20
5331580 0 0 831 0.00 0.23
5392940 0 -23593 831 0.00 0.24
5459500 0 0 831 0.00 0.23
5572784 1 10486 831 0.00 0.00
5598272 1 603 0 0.21 0.00
5655876 1 0 831 0.00 0.20
5717244 1 0 831 0.00 0.19
5778608 1 -20972 831 0.00 0.14
5845168 1 -10486 831 0.00 0.14
5911728 1 -20972 832 0.00 0.16
5978288 1 10486 831 0.00 0.16
6043808 1 0 831 0.00 0.20
6105168 1 0 831 0.00 0.20
6166520 1 10486 831 0.00 0.21
6232040 1 20972 831 0.00 0.22
6297560 1 10486 831 0.00 0.22
6363080 1 20972 831 0.00 0.22
6428600 1 -10486 831 0.00 0.23
6495160 1 20972 831 0.00 0.22
6560680 1 0 831 0.00 0.21
6622040 1 -20972 831 0.00 0.20
6688600 1 0 831 0.00 0.20
6749956 1 0 832 0.00 0.20
6811316 1 0 831 0.00 0.22
6872680 1 0 831 0.00 0.21
6934036 1 0 831 0.00 0.20
6995396 1 0 832 0.00 0.20
7056756 1 0 832 0.00 0.20
7118116 1 0 831 0.00 0.18
7179488 1 -20972 831 0.00 0.18
7246048 1 0 831 0.00 0.18
7307408 1 -10486 831 0.00 0.18
7373968 1 0 831 0.00 0.19
7435328 1 -10486 831 0.00 0.20
7501888 1 10486 831 0.00 0.22
7567408 1 -23593 831 0.00 0.20
7633968 1 10486 832 0.00 0.22
7699488 1 0 831 0.00 0.20
7760840 1 10486 831 0.00 0.19
7826360 1 -10486 831 0.00 0.20
7892920 1 20972 831 0.00 0.20
7958440 1 10486 832 0.00 0.22
8023960 1 0 831 0.00 0.20
8085320 1 10486 831 0.00 0.19
8150840 1 0 831 0.00 0.19
8212200 1 -20972 831 0.00 0.19
8278760 1 0 832 0.00 0.19
8340116 1 -20972 831 0.00 0.19
8406680 1 0 831 0.00 0.21
8468040 1 10486 831 0.00 0.21
8533556 1 -10486 831 0.00 0.20
8600116 1 20972 832 0.00 0.20
8665640 1 31457 831 0.00 0.23
8731156 1 0 832 0.00 0.21
8792516 1 10486 832 0.00 0.21
8858036 1 0 831 0.00 0.19
8919396 1 20972 831 0.00 0.19
8984916 1 10486 831 0.00 0.20
9050436 1 10486 831 0.00 0.20
9115956 1 -10486 831 0.00 0.20
9182516 1 0 831 0.00 0.21
9243880 1 -10486 831 0.00 0.22
9310440 1 10486 831 0.00 0.22
9375968 1 0 831 0.00 0.21
9437328 1 10486 831 0.00 0.20
9554760 3 -10486 831 0.00 0.00
9632124 10 603 0 8.25 0.00
9709400 19 604 0 8.24 0.00
9786648 28 603 0 8.25 0.00
9863892 38 603 0 8.27 0.00
9941160 41 603 0 8.28 0.00
9966524 41 603 0 0.22 8.26
10022164 41 831 603 0.21 8.28
10087692 41 831 603 0.21 8.29
10153204 41 832 604 0.21 8.27
10218724 41 831 603 0.19 8.27
10284252 41 831 603 0.19 8.25
10349772 41 832 603 0.18 8.24
10415292 41 831 603 0.18 8.26
10480812 41 831 603 0.21 8.25
10546332 41 831 604 0.20 8.25
10611852 41 831 603 0.21 8.25
10677372 41 831 602 0.21 8.27
10742892 41 831 603 0.21 8.25
10808412 41 831 603 0.22 8.25
10873928 41 831 603 0.21 8.24
10939448 41 831 603 0.20 8.26
11004972 41 832 603 0.19 8.25
11070488 41 831 603 0.18 8.25
11136012 41 831 603 0.20 8.25
11201528 41 831 603 0.21 8.25
11267048 41 831 603 0.21 8.26
11332568 41 831 603 0.24 8.27
11398088 41 831 603 0.22 8.28
11463608 41 831 603 0.21 8.25
11529128 41 831 603 0.19 8.25
11646556 44 831 604 0.18 0.00
11706944 50 5243 0 0.00 0.00
11784652 58 831 604 8.25 0.00
11862068 67 600 0 7.67 0.00
11939348 70 579 0 7.47 0.00
11964756 70 598 0 0.45 7.68
12022432 70 780 628 0.44 9.38
12087956 70 738 685 0.21 7.90
12153476 70 748 746 1.35 7.17
12218996 70 768 765 2.76 2.81
12284512 70 771 769 4.54 2.78
12350040 70 771 770 6.45 3.53
12415556 70 765 763 0.00 0.72
12481072 70 750 735 -0.53 3.76
12547636 70 778 495 1.83 3.39
12613156 70 702 605 0.29 3.33
12678680 70 752 741 1.06 -0.60
12745236 70 769 766 4.66 2.59
12810760 70 771 770 4.94 5.29
12876280 70 771 769 5.28 1.81
12941788 70 762 760 4.31 2.61
13007316 70 740 712 -0.42 3.52
13073868 70 851 433 -1.43 1.37
13140436 70 666 650 2.21 3.89
13205952 70 758 755 0.76 1.68
13271468 70 770 769 2.23 1.35
13337000 70 771 770 6.17 4.64
13402512 70 770 767 2.07 3.29
13468040 70 755 750 3.07 5.29
13533552 70 748 649 0.71 5.35
13599080 70 856 351 1.38 -1.47
13665640 70 727 707 1.41 2.95
13731160 70 763 761 0.82 -0.23
13797720 70 770 770 3.87 1.23
13863236 70 771 770 1.46 0.81
13928752 70 768 765 3.29 0.51
13994268 70 742 737 2.12 6.69
14059792 70 751 552 0.33 4.85
14125324 70 750 477 5.74 1.46
14190844 70 750 724 2.16 -0.47
14257400 70 766 765 4.10 0.00
14322916 70 770 770 1.99 4.86
14388444 70 772 769 1.09 1.51
14453972 70 764 763 2.89 7.35
14519492 70 739 723 0.13 5.32
14585012 70 821 495 -0.29 1.89
14651572 70 675 616 3.02 -0.92
14718124 70 753 745 1.81 -0.73
14784692 70 769 768 1.89 -1.52
14851252 70 770 770 1.74 1.13
14916772 70 771 769 4.34 2.38
14982284 70 760 757 1.81 7.43
15047804 70 731 684 3.71 2.41
15113332 70 863 384 2.00 -0.06
15179884 70 694 660 1.25 -1.37
15246452 70 762 759 2.90 0.33
15311964 70 770 769 1.64 -0.77
15378532 70 771 770 0.00 5.42
15444052 70 770 767 2.11 6.31
15509568 70 751 745 7.30 -0.32
15576132 70 750 604 3.05 4.41
15693556 73 834 409 -1.38 0.00
15881336 84 770 0 3.16 0.00
15958620 86 768 0 3.15 0.00
16035948 87 743 0 2.77 0.00
16061360 87 541 0 -0.40 0.00
16120080 87 -20972 836 0.00 3.53
16188708 87 5243 714 0.00 2.18
16255272 87 5243 760 0.00 -2.93
16322872 87 18350 770 0.00 5.50
16390480 87 18350 771 0.00 6.20
16458072 87 31457 770 0.00 2.65
16525672 87 0 747 0.00 2.63
16589112 87 -28836 741 0.00 0.70
16657752 87 -23593 843 0.00 1.81
16726392 87 23593 733 0.00 1.45
16793992 87 5243 766 0.00 -0.28
16913512 88 15729 770 0.00 0.00
16990956 89 766 0 5.03 0.00
17068264 90 730 0 7.04 0.00
17145548 91 361 0 -0.21 0.00
17170956 91 746 0 -0.14 -2.49
17231760 91 769 766 0.11 1.35
17297276 91 770 771 4.70 0.33
17414708 91 768 768 -3.16 0.00
17443512 91 -13107 0 1.95 0.00
17504040 91 494 20972 2.83 0.00
17571644 91 695 26214 2.74 0.00
17691124 91 762 -28836 0.30 3.08
17716728 91 20972 762 0.00 0.00
17783568 91 -20972 -2621 0.00 0.00
17854292 91 5243 -28836 0.00 0.00
17923972 91 10486 -23593 0.00 0.00
17994692 91 23593 23593 0.00 0.79
18064372 91 -15729 770 0.00 -0.94
18134060 91 5243 753 0.00 4.40
18200620 91 31457 873 0.00 3.41
18268216 91 -20972 723 0.00 3.15
18336860 91 -5243 768 0.00 1.82
18404456 91 20972 771 0.00 3.63
18472060 91 -20972 765 0.00 1.35
18540700 91 28836 743 0.00 0.85
18608300 91 0 530 0.00 -1.20
18672776 91 -5243 759 0.00 -0.65
18741420 91 0 771 0.00 2.84
18804860 91 -26214 769 0.00 2.06
18873500 91 -13107 732 0.00 1.04
18942140 91 -26214 861 0.00 3.73
19010780 91 -7864 750 0.00 2.45
19078368 91 -31457 770 0.00 1.35
19147016 91 -13107 771 0.00 0.56
19215640 91 -15729 759 0.00 3.51
19284296 91 -31457 886 0.00 -1.50
19353968 91 0 665 0.00 1.85
19417416 91 -13107 767 0.00 0.47
19486048 91 -15729 772 0.00 -0.57
19555724 91 20972 761 0.00 1.34
19623328 91 26214 728 0.00 1.80
19690928 91 -15729 708 0.00 0.40
19759564 91 18350 763 0.00 -2.21
19828208 91 15729 770 0.00 3.42
19895804 91 0 770 0.00 2.16
19959248 91 -2621 749 0.00 0.83
20026844 91 15729 842 0.00 -2.02
20095488 91 23593 702 0.00 2.65
20163088 91 15729 769 0.00 -1.68
20231724 91 18350 771 0.00 1.35
20299328 91 2621 757 0.00 4.08
20365888 91 -7864 804 0.00 2.64
20433488 91 26214 720 0.00 2.09
20501084 91 -18350 768 0.00 4.54
20569724 91 -13107 770 0.00 4.63
20638364 91 10486 767 0.00 5.35
20705968 91 -15729 741 0.00 6.19
20774604 91 -28836 584 0.00 1.27
20843248 91 15729 756 0.00 -1.47
20911888 91 -26214 771 0.00 1.19
20980528 91 10486 769 0.00 0.40
21048136 91 -31457 736 0.00 4.78
21116772 91 23593 825 0.00 0.95
21184372 91 20972 756 0.00 2.59
21251972 91 -13107 770 0.00 -0.84
21321652 91 28836 771 0.00 5.10
21389256 91 5243 757 0.00 1.23
21455816 91 -15729 837 0.00 -1.12
21525492 91 31457 689 0.00 2.09
21593100 91 -5243 768 0.00 -1.52
21661740 91 -20972 771 0.00 -2.24
21731420 91 28836 763 0.00 2.03
21799020 91 23593 746 0.00 4.32
21866620 91 7864 705 0.00 3.27
21933180 91 18350 764 0.00 -4.20
22001820 91 -31457 771 0.00 7.35
22070460 91 -13107 769 0.00 3.27
22139100 91 26214 746 0.00 3.07
22206692 91 -26214 691 0.00 -3.04
22276368 91 -20972 745 0.00 2.79
22345008 91 5243 771 0.00 3.46
22411564 91 31457 769 0.00 0.16
22479164 91 20972 742 0.00 4.48
22546768 91 -5243 861 0.00 3.90
22614368 91 0 757 0.00 2.79
22677804 91 23593 770 0.00 1.04
22745400 91 -23593 770 0.00 0.77
22814048 91 -2621 763 0.00 2.50
22881648 91 13107 793 0.00 -1.34
22950288 91 -2621 600 0.00 6.48
23017884 91 28836 766 0.00 -2.32
23086528 91 18350 772 0.00 -2.23
23155168 91 18350 765 0.00 -0.34
23223808 91 15729 722 0.00 2.12
23291408 91 31457 728 0.00 -1.43
23360040 91 -23593 763 0.00 -1.65
23429728 91 26214 772 0.00 2.15
23497324 91 5243 770 0.00 2.06
23563888 91 7864 751 0.00 -4.62
23631488 91 -18350 562 0.00 -1.75
23701164 91 28836 756 0.00 0.56
23768764 91 -13107 771 0.00 -4.57
23838444 91 -10486 768 0.00 -1.65
23908128 91 31457 712 0.00 5.99
23975728 91 -23593 813 0.00 -1.10
24045408 91 18350 762 0.00 -0.84
24114052 91 -7864 771 0.00 2.72
24181652 91 -18350 771 0.00 2.35
24250296 91 -13107 756 0.00 -0.48
24319968 91 2621 525 0.00 2.10
24386528 91 -13107 752 0.00 -5.10
24456216 91 13107 770 0.00 -0.34
24524856 91 -2621 770 0.00 1.25
24592460 91 20972 740 0.00 7.00
24660060 91 26214 862 0.00 2.76
24727660 91 2621 752 0.00 -1.05
24795260 91 20972 770 0.00 -0.74
24863900 91 -15729 772 0.00 5.28
24932540 91 -10486 762 0.00 2.42
25001180 91 31457 866 0.00 -3.13
25069804 91 20972 701 0.00 2.27
25137420 91 23593 770 0.00 -0.89
25206044 91 -5243 771 0.00 -0.97
25274680 91 23593 745 0.00 0.22
25342288 91 2621 863 0.00 1.69
25408848 91 23593 747 0.00 1.81
25476448 91 26214 769 0.00 -1.77
25545088 91 -13107 771 0.00 3.77
25613724 91 20972 766 0.00 5.62
25681328 91 7864 783 0.00 2.07
25747888 91 23593 548 0.00 3.80
25815488 91 -23593 768 0.00 -2.23
25885168 91 -26214 772 0.00 -2.98
25954848 91 -13107 763 0.00 -0.56
26024528 91 -31457 694 0.00 4.07
26093168 91 28836 752 0.00 2.68
26160764 91 13107 766 0.00 2.07
26228364 91 2621 771 0.00 3.84
26294924 91 10486 770 0.00 3.26
26362528 91 -5243 753 0.00 4.35
26430124 91 13107 416 0.00 -2.76
26498764 91 -20972 754 0.00 -4.20
26568448 91 5243 771 0.00 -1.30
26636044 91 768 767 -2.33 2.61
26702608 91 722 726 1.79 0.64
26768128 91 858 365 -0.56 0.79
26834688 91 758 738 4.64 -0.72
26901244 91 770 768 2.63 2.26
26966768 91 772 770 6.50 0.99
27032284 91 762 751 3.74 1.08
27097804 91 848 447 -4.40 0.30
27164364 91 668 703 -1.27 0.05
27230928 91 768 764 -1.68 -0.44
27298524 91 772 770 0.28 -0.02
27365088 91 762 762 2.78 -2.31
27431648 91 729 628 4.42 2.22
27497164 91 758 557 0.33 -1.18
27563728 91 765 758 2.64 0.90
27629244 91 771 771 5.43 0.06
27694764 91 770 766 3.61 1.64
27760284 91 750 685 5.01 -0.06
27826844 91 596 538 -0.65 -0.40
27894448 91 743 753 0.59 -1.88
27961008 91 770 770 -2.20 -3.16
28028604 91 770 769 -2.64 -0.79
28096208 91 724 734 4.49 3.87
28161724 91 825 396 3.31 0.24
28227244 91 754 726 7.89 1.62
28292764 91 770 769 2.36 3.09
28358288 91 771 770 7.58 2.69
28423804 91 765 758 3.11 5.96
28489328 91 812 417 1.28 -0.20
28555888 91 585 681 1.46 0.34
28621408 91 765 761 -3.36 -0.69
28689004 91 772 770 1.31 0.33
28754520 91 763 764 4.10 0.41
28820044 91 715 662 4.97 1.36
28885568 91 802 567 1.86 2.09
28951088 91 762 754 2.77 1.38
29016600 91 771 771 1.68 0.61
29082128 91 771 768 1.34 0.98
29147644 91 754 733 2.83 3.14
29213168 91 799 453 -2.21 3.15
29279724 91 736 739 -0.70 0.77
29346288 91 770 770 -2.55 -1.36
29413884 91 770 770 0.29 0.36
29479408 91 755 754 5.59 0.05
29544924 91 862 396 0.81 3.33
29610448 91 727 700 4.80 0.00
29675960 91 769 768 -0.90 0.24
29742524 91 772 770 4.32 0.94
29808048 91 763 763 1.28 -1.57
29874608 91 738 621 -3.96 1.48
29941168 91 465 621 4.25 -0.23
30007724 91 761 759 -4.21 -0.06
30075324 91 771 771 0.25 -2.24
30141888 91 768 767 2.63 0.12
30207408 91 722 704 4.51 3.92
30272928 91 781 538 2.61 -0.27
30339484 91 762 747 3.17 -1.37
30406044 91 771 769 1.12 1.04
30471568 91 771 769 6.06 1.80
30537088 91 760 745 5.18 3.51
30602604 91 841 370 -0.68 1.85
30669168 91 704 724 2.44 -0.96
30735728 91 769 768 0.26 -0.37
30802288 91 771 770 0.35 0.79
30867804 91 755 757 -0.69 4.39
30934368 91 850 452 -0.40 2.65
31000928 91 732 653 1.35 -1.83
31067488 91 770 766 -0.82 -2.40
31135088 91 772 770 5.41 -0.88
31201644 91 765 761 2.73 -2.56
31268208 91 745 651 2.79 -0.59
31334768 91 480 639 -1.10 -0.54
31402368 91 760 759 -0.19 3.75
31468924 91 771 770 -0.38 -2.30
31536524 91 766 766 2.17 2.86
31602048 91 717 710 3.16 -0.10
31668608 91 836 500 2.93 -0.13
31735164 91 759 743 3.15 -0.24
31801724 91 770 770 1.97 -1.45
31868288 91 772 768 4.57 -0.55
31934844 91 758 736 2.80 2.07
32000368 91 847 342 -1.16 -0.52
32067968 91 701 728 2.12 -0.02
32134528 91 768 768 1.38 -2.10
32201088 91 772 770 -1.22 1.23
32267644 91 750 754 1.61 3.11
32333168 91 805 507 2.54 3.37
32398684 91 745 686 0.85 2.34
32464208 91 769 765 1.32 0.55
32529736 91 771 769 4.56 4.73
32595248 91 770 765 3.01 0.47
32660764 91 751 677 2.56 -0.09
32727328 91 411 590 -1.04 -1.33
32794928 91 751 754 1.47 1.18
32860444 91 771 770 -0.90 -0.09
32928044 91 770 768 -1.48 2.18
32994608 91 724 726 0.96 -1.91
33061164 91 860 424 0.91 0.00
33126684 91 757 740 4.50 0.45
33192208 91 770 769 6.49 0.62
33257740 91 772 770 3.95 -0.81
33324296 91 763 753 5.38 3.49
33389808 91 859 382 -1.51 0.66
33456368 91 639 705 3.16 1.86
33521892 91 766 765 -1.64 -1.09
33589488 91 772 771 -2.71 -0.97
33657096 91 761 762 2.59 -0.38
33723660 91 684 620 2.38 -0.27
33790216 91 750 610 6.41 0.34
33855728 91 765 758 2.98 1.94
33973168 92 771 770 9.45 0.00
34033576 96 2621 0 0.00 0.00
34202676 111 -15729 0 0.00 0.00
34280076 117 772 0 -3.39 -2.18
34357484 125 762 762 0.76 0.00
34434928 134 554 0 2.37 0.00
34512268 138 714 0 0.03 0.00
34537708 138 770 0 1.61 -0.25
34598476 138 772 770 2.37 1.56
34665040 138 771 765 2.90 4.87
34783512 142 754 648 5.11 0.00
34860972 154 -28836 0 0.00 0.00
34944980 156 -31457 0 0.00 0.00
34983668 156 -23593 0 7.17 0.00
35036392 156 742 2621 5.15 0.00
35103984 156 602 -7864 4.52 0.00
35224544 168 31457 -20972 0.00 4.58
35304432 180 10486 771 0.00 3.71
35330080 180 765 756 0.56 0.00
35395840 180 -31457 752 0.00 1.77
35465516 180 20972 527 0.00 1.37
35534152 180 20972 672 0.00 -1.64
35603832 180 -18350 769 0.00 -2.16
35674552 180 -28836 771 0.00 0.68
35744232 180 -23593 742 0.00 0.13
35813912 180 -28836 882 0.00 -0.72
35884632 180 10486 753 0.00 0.00
35953272 180 -28836 770 0.00 1.43
36022952 180 7864 771 0.00 2.93
36090552 180 28836 752 0.00 2.42
36159192 180 0 873 0.00 -2.85
36224712 180 10486 722 0.00 1.49
36293352 180 -13107 769 0.00 -2.55
36364072 180 2621 771 0.00 4.41
36431676 180 5243 748 0.00 2.83
36499276 180 -23593 874 0.00 0.19
36568956 180 7864 750 0.00 -3.50
36637600 180 23593 770 0.00 0.57
36706248 180 15729 770 0.00 2.99
36774876 180 5243 750 0.00 1.36
36842476 180 -23593 790 0.00 -1.97
36913204 180 -13107 717 0.00 2.42
36982884 180 -26214 770 0.00 -2.01
37053600 180 13107 770 0.00 4.67
37122240 180 -5243 734 0.00 8.05
37190884 180 -15729 576 0.00 -0.19
37261600 180 23593 759 0.00 -0.27
37331272 180 -2621 771 0.00 2.41
37399912 180 26214 770 0.00 1.68
37468552 180 7864 742 0.00 1.02
37536152 180 -20972 696 0.00 -3.76
37606872 180 -10486 747 0.00 1.04
37676552 180 -23593 771 0.00 -3.33
37747272 180 28836 769 0.00 5.10
37815912 180 28836 731 0.00 2.36
37884552 180 -20972 666 0.00 1.68
37954232 180 -18350 763 0.00 3.56
38023912 180 -15729 772 0.00 -0.69
38094632 180 15729 764 0.00 0.60
38163276 180 -18350 777 0.00 5.63
38232956 180 13107 669 0.00 5.20
38301600 180 -13107 768 0.00 4.57
38371284 180 10486 772 0.00 3.17
38439916 180 23593 756 0.00 -0.76
38509600 180 -26214 853 0.00 0.46
38579280 180 -10486 733 0.00 5.65
38648964 180 7864 770 0.00 -0.74
38717600 180 28836 771 0.00 4.00
38786240 180 31457 759 0.00 0.56
38854884 180 0 848 0.00 0.42
38919360 180 18350 687 0.00 2.06
38988004 180 -13107 768 0.00 -0.86
39058716 180 18350 771 0.00 -6.84
39128392 180 18350 754 0.00 -1.10
39249984 179 0 827 0.00 0.00
39327300 180 764 0 -0.91 0.00
39352756 180 770 0 5.63 4.50
39413512 180 770 766 0.54 7.23
39480072 180 755 740 0.79 2.22
39546632 180 870 355 2.32 -0.73
39614232 180 728 729 -1.66 3.62
39681832 180 770 770 -3.78 6.72
39749436 180 769 768 1.29 1.42
39815996 180 731 736 1.53 2.38
39882556 180 705 548 0.06 -0.97
39950156 180 756 747 -1.11 -0.46
40018796 180 771 770 -2.37 -0.95
40087436 180 771 768 2.19 1.45
40153996 180 741 682 -2.37 -0.27
40222636 180 668 575 -3.93 1.21
40342136 180 761 761 -2.68 0.00
40370972 180 -2621 -18350 0.00 0.00
40437708 180 -26214 -7864 0.00 0.00
40509476 180 -18350 2621 0.00 0.00
40580196 180 -5243 26214 0.00 0.00
40650916 180 -18350 -2621 0.00 7.24
40722668 180 -7864 770 0.00 0.66
40791312 180 18350 756 0.00 2.04
40859944 180 7864 734 0.00 -0.90
40928580 180 -18350 758 0.00 3.15
40998264 180 -28836 770 0.00 -3.14
41068984 180 18350 759 0.00 -3.73
41138664 180 5243 736 0.00 -2.85
41207304 180 7864 722 0.00 0.38
41274904 180 28836 770 0.00 1.04
41343544 180 -7864 772 0.00 2.00
41412180 180 23593 764 0.00 -0.03
41481864 180 -31457 860 0.00 -0.83
41552584 180 28836 646 0.00 -3.96
41622264 180 -20972 770 0.00 -3.12
41692988 180 -13107 771 0.00 -1.95
41763708 180 20972 706 0.00 3.52
41884228 180 18350 556 0.00 0.00
41909840 180 770 0 0.67 0.00
41973552 180 -18350 769 0.00 3.65
42043236 180 2621 763 0.00 10.16
42111872 180 -18350 767 0.00 -0.04
42182596 180 7864 429 0.00 -0.05
42251232 180 5243 732 0.00 0.42
42318836 180 -20972 771 0.00 1.37
42388524 180 5243 769 0.00 -2.16
42457164 180 -2621 705 0.00 -2.23
42526844 180 -7864 753 0.00 1.48
42595484 180 5243 764 0.00 -2.58
42664124 180 -5243 771 0.00 2.59
42732760 180 -5243 771 0.00 4.77
42801392 180 -28836 747 0.00 1.73
42922984 180 5243 546 0.00 0.00
42948560 180 768 0 -1.17 -3.69
43013356 180 772 770 1.69 3.45
43079916 180 761 761 -0.83 0.64
43147524 180 797 687 2.87 3.56
43214080 180 716 662 2.56 -1.64
43281684 180 770 767 0.01 2.16
43348240 180 769 770 5.25 6.16
43414800 180 738 758 0.38 0.50
43481360 180 850 590 2.03 0.67
43547920 180 720 706 -1.42 3.81
43615512 180 767 768 3.59 1.29
43682072 180 769 770 5.30 -2.42
43749668 180 752 750 -4.61 4.00
43817268 180 897 617 -1.20 2.35
43884868 180 701 720 0.22 3.99
44003352 180 769 769 -0.80 0.00
44028900 180 -13107 0 1.71 0.00
44094760 180 746 -31457 1.98 0.00
44164440 180 596 -28836 1.66 0.00
44286044 180 10486 2621 0.00 1.39
44311944 180 770 769 0.07 0.00
44378504 180 -10486 757 0.00 1.22
44448184 180 -13107 753 0.00 -1.40
44518896 180 -26214 656 0.00 2.77
44588572 180 15729 770 0.00 -1.06
44658256 180 2621 771 0.00 1.80
44725864 180 728 749 1.27 0.92
44792420 180 807 518 2.55 1.69
44858984 180 743 702 3.01 -1.32
44978460 180 770 768 -1.74 0.00
45007304 180 31457 26214 0.00 0.00
45124876 180 -13107 -28836 0.00 0.64
45153876 180 20972 749 0.00 -1.58
45223556 180 23593 770 0.00 -0.89
45293236 180 26214 769 0.00 -1.53
45362916 180 20972 744 0.00 -6.57
45432596 180 26214 756 0.00 1.87
45501244 180 -28836 756 0.00 -1.06
45571964 180 -10486 771 0.00 -2.91
45642684 180 -7864 771 0.00 -0.48
45712368 180 -31457 689 0.00 6.42
45782048 180 31457 514 0.00 2.09
45902572 180 -23593 764 0.00 0.00
45928476 180 766 0 3.40 0.00
45992948 180 0 750 0.00 1.23
46057428 180 5243 841 0.00 -3.31
46126068 180 -13107 705 0.00 1.43
46195752 180 -13107 769 0.00 -0.06
46266476 180 -28836 772 0.00 4.02
46336156 180 2621 725 0.00 1.69
46403756 180 -23593 422 0.00 -0.70
46474464 180 7864 764 0.00 -0.86
46543112 180 -28836 771 0.00 -4.63
46613832 180 -5243 763 0.00 0.32
46682464 180 815 567 1.87 5.29
46800952 180 710 637 1.18 0.00
46829796 180 -7864 0 -1.39 0.00
46891320 180 770 -28836 0.66 0.00
46961000 180 764 -23593 0.89 0.00
47030680 180 -20972 -15729 0.00 0.58
47103480 180 28836 756 0.00 0.00
47172120 180 -10486 770 0.00 2.46
47241796 180 13107 766 0.00 -2.37
47311480 180 -28836 713 0.00 -3.63
47382200 180 -13107 674 0.00 3.35
47451880 180 2621 764 0.00 -3.91
47520520 180 0 772 0.00 -2.60
47586040 180 -5243 755 0.00 0.52
47654680 180 15729 769 0.00 -0.91
47724364 180 10486 741 0.00 0.59
47793004 180 31457 770 0.00 2.38
47861644 180 13107 771 0.00 3.12
47930284 180 0 749 0.00 4.54
47994764 180 -15729 826 0.00 -1.24
48065484 180 5243 753 0.00 0.92
48133088 180 -31457 771 0.00 -0.59
48203812 180 20972 768 0.00 -3.44
48273492 180 7864 703 0.00 -1.59
48342132 180 -10486 701 0.00 -1.38
48412852 180 -13107 764 0.00 0.26
48482528 180 10486 772 0.00 4.33
48551160 180 758 751 -1.75 1.60
48618760 180 893 498 -0.11 4.07
48686360 180 717 709 2.40 -1.69
48753956 180 771 770 -1.87 -0.72
48822600 180 771 768 -1.60 -1.43
48891240 180 697 732 -1.32 0.00
49010764 180 603 -15729 -1.78 3.83
49037704 180 -10486 0 0.00 0.00
49105304 180 -28836 -18350 0.00 0.00
49178104 180 2621 13107 0.00 3.47
49247784 180 -23593 861 0.00 0.20
49317456 180 -20972 674 0.00 1.35
49387132 180 31457 769 0.00 -2.96
49456812 180 -15729 767 0.00 -6.52
49527544 180 -2621 687 0.00 0.28
49596184 180 -26214 554 0.00 -2.81
49666908 180 -31457 765 0.00 -1.19
49737628 180 10486 771 0.00 2.33
49806272 180 13107 767 0.00 2.44
49874908 180 -7864 784 0.00 -0.51
49944596 180 -2621 656 0.00 1.58
50013236 180 20972 769 0.00 -2.80
50082916 180 28836 771 0.00 -3.80
50152584 180 18350 726 0.00 -1.16
50222268 180 -18350 471 0.00 5.18
50291944 180 18350 765 0.00 0.00
50360588 180 -26214 770 0.00 0.96
50430252 180 18350 768 0.00 2.73
50498904 180 -18350 759 0.00 1.90
50568580 180 -5243 530 0.00 2.77
50637216 180 7864 748 0.00 -2.96
50705864 180 0 771 0.00 0.04
50770344 180 13107 763 0.00 -5.27
50840016 180 0 528 0.00 2.70
50904492 180 5243 688 0.00 0.20
50972104 180 23593 769 0.00 3.37
51040736 180 13107 770 0.00 1.87
51109384 180 2621 760 0.00 0.74
51176984 180 -20972 799 0.00 -2.01
51247700 180 0 444 0.00 3.45
51312180 180 10486 768 0.00 -1.03
51381864 180 -5243 773 0.00 -2.99
51451536 180 2621 752 0.00 3.21
51519140 180 26214 720 0.00 5.28
51587772 180 15729 757 0.00 1.13
51656424 180 -31457 771 0.00 -0.82
51727140 180 28836 770 0.00 3.34
51795780 180 -15729 759 0.00 3.00
51865468 180 -5243 864 0.00 -1.54
51935144 180 5243 690 0.00 -1.89
52003788 180 28836 773 0.00 -1.14
52073460 180 -23593 770 0.00 -0.20
52144192 180 -7864 701 0.00 0.44
52212836 180 -5243 528 0.00 -3.54
52282516 180 -18350 767 0.00 1.19
52352196 180 0 770 0.00 2.83
52416676 180 -5243 759 0.00 7.15
52485316 180 -26214 763 0.00 1.68
52554984 180 26214 441 0.00 -6.60
52624656 180 -13107 763 0.00 0.59
52694344 180 -26214 772 0.00 2.50
52764016 180 20972 764 0.00 3.71
52832652 180 0 849 0.00 3.32
52897144 180 26214 723 0.00 5.00
52965784 180 31457 766 0.00 0.05
53034416 180 -15729 772 0.00 5.31
53104104 180 -31457 763 0.00 1.08
53173776 180 2621 869 0.00 -0.81
53242424 180 20972 664 0.00 -4.63
53363984 180 -10486 770 0.00 0.00
53389880 180 741 0 -0.93 6.50
53455400 180 556 715 3.73 5.35
53521960 180 592 557 2.54 0.71
53588520 180 769 760 0.58 8.70
53655080 180 769 770 4.89 2.52
53721640 180 756 762 8.03 3.50
53788200 180 788 602 0.11 -0.19
53855800 180 493 573 -4.31 0.31
53923400 180 762 763 1.03 0.30
53989960 180 772 770 -0.29 0.42
54057560 180 757 751 -1.45 2.07
54125156 180 748 791 0.00 4.60
54191716 180 742 713 -0.81 -1.68
54260356 180 771 768 0.75 -2.07
54327956 180 772 769 2.13 0.74
54394516 180 756 744 -4.09 0.67
54462116 180 856 376 -0.94 1.39
54529720 180 709 741 0.17 3.68
54596280 180 771 770 2.29 -1.09
54663880 180 769 769 0.39 -2.48
54731476 180 707 729 0.88 4.51
54798036 180 536 604 0.92 4.15
54864600 180 765 754 -0.37 -0.86
54933240 180 771 772 5.22 2.40
54999800 180 765 764 3.96 4.21
55066360 180 777 597 -0.15 6.47
55133960 180 480 484 1.06 -4.39
55201560 180 763 765 2.98 -3.42
55269156 180 771 770 1.95 -0.73
55336764 180 736 734 1.28 -2.10
55404364 180 493 757 1.59 0.00
55470924 180 761 750 3.06 2.52
55537484 180 771 770 -0.57 -0.97
55606124 180 773 768 -0.63 0.42
55673724 180 741 723 -0.31 0.89
55741324 180 686 583 1.54 2.26
55807884 180 755 754 -1.47 -0.03
55876524 180 771 772 -3.56 -0.29
55945164 180 767 765 1.99 0.00
56011724 180 672 -10486 1.05 0.00
56081400 180 329 2621 0.36 0.00
56149012 180 7864 5243 0.00 4.73
56217652 180 -15729 771 0.00 1.17
56287332 180 -15729 759 0.00 -0.28
56358052 180 -2621 886 0.00 0.02
56426692 180 -23593 716 0.00 -2.49
56497400 180 0 771 0.00 -4.19
56562920 180 -10486 769 0.00 -2.24
56633636 180 -23593 643 0.00 2.67
56703320 180 -20972 556 0.00 2.82
56773000 180 28836 770 0.00 -1.49
56842680 180 -15729 769 0.00 9.39
56912360 180 -5243 764 0.00 8.82
56981000 180 -13107 805 0.00 0.69
57050676 180 18350 524 0.00 1.20
57119320 180 20972 767 0.00 1.34
57187960 180 -26214 771 0.00 2.20
57257640 180 20972 747 0.00 -4.62
57327320 180 26214 738 0.00 -0.59
57396996 180 -15729 756 0.00 0.00
57466684 180 -13107 771 0.00 0.99
57536364 180 15729 771 0.00 2.65
57605004 180 -26214 744 0.00 1.13
57674684 180 20972 598 0.00 -0.81
57744364 180 10486 763 0.00 -0.40
57814052 180 -15729 772 0.00 -4.25
57884772 180 26214 755 0.00 3.00
57953412 180 2621 877 0.00 1.83
58021012 180 -31457 753 0.00 3.18
58090692 180 -13107 771 0.00 1.25
58160360 180 18350 771 0.00 2.13
58229000 180 7864 755 0.00 4.89
58296596 180 20972 820 0.00 -2.82
58366280 180 10486 758 0.00 -4.84
58435960 180 -31457 772 0.00 -0.18
58506680 180 -26214 762 0.00 -3.87
58577396 180 -23593 514 0.00 1.34
58647076 180 28836 767 0.00 1.93
58715716 180 18350 772 0.00 0.14
58784356 180 0 769 0.00 3.35
58848836 180 31457 760 0.00 4.12
58917476 180 -31457 853 0.00 -1.74
58988196 180 -28836 731 0.00 -2.59
59058920 180 -18350 769 0.00 -3.51
59129636 180 2621 768 0.00 -3.43
59198284 180 -20972 712 0.00 2.25
59267968 180 18350 712 0.00 0.97
59336600 180 7864 769 0.00 -0.14
59405244 180 0 771 0.00 0.37
59469720 180 7864 764 0.00 -2.48
59538368 180 -7864 770 0.00 -0.63
59608044 180 -31457 393 0.00 4.57
59677732 180 5243 772 0.00 1.33
59745332 180 -23593 768 0.00 1.19
59815012 180 -13107 745 0.00 4.81
59884692 180 -10486 866 0.00 -2.14
59955412 180 20972 702 0.00 3.33
60024040 180 -20972 769 0.00 -0.27
60094752 180 -10486 772 0.00 -0.01
60165480 180 756 729 5.24 0.98
60232040 180 856 496 -1.22 0.13
60299640 180 743 746 -0.23 4.17
60367240 180 769 771 -2.99 -3.53
60435880 180 763 765 1.35 -2.83
60503480 180 653 710 0.52 6.01
60570040 180 570 619 -2.14 4.46
60637636 180 766 753 -2.06 -2.47
60706280 180 772 770 2.47 0.80
60772840 180 770 765 2.64 1.06
60839400 180 783 600 -1.85 4.34
60907000 180 659 646 1.92 0.83
60973560 180 766 766 0.16 0.63
61092036 167 770 770 0.87 0.00
61224660 136 -31457 0 0.00 0.00
61283140 126 -13107 0 0.00 0.00
61316068 126 771 770 3.53 4.06
61382628 126 770 765 1.65 -0.91
61450232 126 761 733 4.99 1.44
61516788 126 841 535 -2.92 -0.83
61637324 124 710 744 3.29 0.00
61695820 113 13107 0 0.00 0.00
61778548 99 738 751 1.41 0.00
61855964 85 569 0 0.08 0.00
61933244 74 738 0 -0.50 0.00
62010552 73 770 0 3.59 0.00
62035960 73 765 0 5.78 1.73
62093636 73 763 750 4.07 10.31
62160200 73 781 650 2.66 -0.24
62226760 73 481 679 -1.64 -2.19
62294360 73 756 761 3.78 0.80
62411808 71 772 770 1.56 0.00
62709952 35 770 771 1.18 0.00
62787332 28 763 0 5.04 0.00
62812736 28 615 0 2.87 2.69
62870428 28 845 549 -0.96 -4.06
62938036 28 540 714 -1.96 4.72
63004596 28 765 766 1.42 -3.97
63071156 28 773 770 -5.24 6.57
63189596 25 764 762 3.51 0.00
63377368 2 764 0 1.34 0.00
63454612 0 768 0 1.30 0.00
63479984 0 730 0 -0.54 -3.29
63537700 0 820 577 -0.49 1.14
63603220 0 450 671 -3.66 2.76
63668744 0 751 754 -0.80 -2.51
63735300 0 773 770 -5.05 -5.28
63801860 0 771 769 -1.35 3.54
63867380 0 729 739 3.45 3.24
63931860 0 848 281 -0.58 1.03
63997380 0 762 730 2.15 0.05
64061860 0 770 769 3.77 -5.65
64127380 0 769 769 3.26 -1.27
64192900 0 762 749 5.10 -0.92
64258420 0 861 450 -2.87 0.52
64323940 0 643 717 -0.71 2.58
64389464 0 768 766 -3.29 -2.54
64456020 0 772 770 0.14 -1.41
64521540 0 757 751 3.92 4.40
64586020 0 777 512 5.75 0.60
64650504 0 752 634 0.85 -0.84
64716028 0 769 766 -2.28 5.58
64781548 0 770 770 2.42 0.01
64846032 0 763 761 4.26 0.35
64910512 0 799 564 0.08 3.05
64974992 0 539 666 -0.41 2.82
65040512 0 762 763 5.42 -6.45
65106028 0 772 770 -5.74 -0.34
65172592 0 766 762 -0.83 5.20
65238112 0 535 633 6.73 4.36
65302592 0 705 625 1.63 0.83
65367072 0 770 763 -1.64 5.73
65432592 0 769 771 -1.20 -3.19
65499152 0 761 764 5.95 -1.47
65564664 0 774 655 1.63 1.81
65629144 0 492 670 0.00 0.68
65693624 0 757 761 -1.38 0.68
65759144 0 771 770 -3.75 -4.80
65825704 0 769 764 -2.42 -1.22
65892264 0 648 712 5.26 5.95
65956744 0 573 489 1.61 -1.35
66022264 0 768 755 3.10 4.07
66086744 0 770 770 4.73 0.33
66151224 0 765 767 4.58 0.24
66215700 0 757 716 5.80 5.02
66280184 0 808 570 -0.15 2.65
66345700 0 742 747 2.17 5.69
66410180 0 770 770 -0.79 -3.30
66476740 0 771 767 -3.34 2.61
66542260 0 726 735 3.05 1.10
66606740 0 693 320 0.23 1.20
66671220 0 765 739 5.06 -0.19
66736740 0 770 769 1.01 -1.09
66802264 0 767 769 5.45 -0.22
66867780 0 756 742 7.70 -0.21
66933300 0 864 388 -1.75 -3.20
66999860 0 734 746 2.97 1.43
67064340 0 769 769 -3.54 -6.79
67130900 0 772 769 -2.96 1.00
67196420 0 739 745 4.55 4.18
67260900 0 568 421 2.77 -0.58
67326420 0 765 716 7.58 -1.34
67391940 0 770 768 2.60 -0.66
67457460 0 768 770 2.68 -2.82
67522980 0 759 752 8.29 -1.11
67588500 0 842 537 2.21 1.58
67652980 0 601 717 6.18 2.02
67717464 0 767 766 -5.63 0.22
67782980 0 772 770 0.27 -0.02
67848500 0 761 755 -0.10 4.29
67914020 0 613 598 4.12 5.26
67978504 0 717 598 3.80 1.09
68042988 0 768 762 -3.05 3.09
68108512 0 770 770 -2.21 -1.56
68175072 0 763 765 5.79 0.62
68239552 0 777 633 0.99 4.07
68304028 0 567 663 2.98 -3.03
68369552 0 760 761 1.50 -1.58
68435072 0 772 771 -3.71 1.50
68500596 0 770 764 0.68 0.94
68565072 0 650 674 1.96 3.12
68629552 0 741 505 -1.30 4.83
68695072 0 766 757 -2.32 -0.42
68761632 0 770 771 3.90 -1.17
68827152 0 767 767 2.80 -3.55
68892664 0 759 716 0.14 6.13
68957144 0 668 633 -2.56 6.52
69022664 0 734 752 -1.37 1.75
69088184 0 771 770 -0.88 -1.91
69154744 0 772 768 -6.16 1.70
69220264 0 707 726 5.41 -0.96
69285784 0 388 629 2.70 4.10
69350264 0 770 747 1.98 -1.83
69415784 0 770 770 2.56 0.31
69480264 0 765 768 5.14 -1.17
69545784 0 761 734 4.10 -0.22
69663188 1 853 468 -0.12 0.00
69850916 0 769 0 4.22 0.00
69876284 0 628 0 4.92 5.29
69931924 0 803 284 2.20 0.92
69996400 0 752 631 5.20 -0.86
70061928 0 768 766 0.82 1.30
70126408 0 770 770 4.64 -2.45