microsec deg hall1 hall2 accelX accelY
128067172 0 685 732 0.00 0.00
128092656 0 684 0 0.00 0.00
128152340 0 0 0 0.00 0.00
128213700 0 0 688 0.00 0.00
128277140 0 0 683 0.00 0.00
128340580 0 0 681 0.00 0.00
128404020 0 0 688 0.00 0.00
128467460 0 0 686 0.00 1.04
128530900 0 20972 688 0.00 1.31
128598500 0 -18350 688 0.00 1.05
128667140 0 0 686 0.00 1.25
128730584 0 -23593 686 0.00 0.52
128799220 0 23593 687 0.00 0.52
128866820 0 0 686 0.00 1.16
128930260 0 -10486 686 0.00 0.23
128998900 0 28836 687 0.00 0.69
129066500 0 -13107 685 0.00 0.62
129135140 0 -15729 687 0.00 0.83
129203780 0 0 686 0.00 0.92
129267220 0 20972 683 0.00 0.26
129334824 0 10486 688 0.00 1.93
129402420 0 -18350 689 0.00 1.33
129471064 0 -10486 689 0.00 1.81
129539700 0 31457 689 0.00 1.58
129607300 0 26214 688 0.00 1.23
129674900 0 -2621 688 0.00 1.16
129742500 0 -18350 687 0.00 0.79
129811140 0 -31457 688 0.00 1.38
129879780 0 7864 687 0.00 1.01
129946344 0 -5243 688 0.00 1.09
130013940 0 -15729 688 0.00 1.03
130082580 0 7864 688 0.00 0.98
130149144 0 -15729 688 0.00 0.98
130217784 0 7864 688 0.00 0.82
130284344 0 -15729 688 0.00 0.56
130352984 0 23593 687 0.00 0.44
130420584 0 -18350 687 0.00 0.40
130489224 0 -13107 686 0.00 0.18
130557864 0 5243 686 0.00 -0.05
130625464 0 26214 686 0.00 -0.38
130694104 0 -20972 686 0.00 -0.64
130763792 0 -31457 685 0.00 -0.67
130833472 0 -26214 686 0.00 -0.57
130903148 0 -31457 686 0.00 -0.29
130972832 0 0 686 0.00 -0.04
131037312 0 -26214 687 0.00 0.13
131105948 0 23593 687 0.00 0.25
131173552 0 28836 686 0.00 0.24
131241152 0 -28836 687 0.00 0.49
131309788 0 0 688 0.00 0.66
131373232 0 -20972 687 0.00 0.78
131441872 0 -20972 687 0.00 0.57
131510504 0 -5243 687 0.00 0.18
131578108 0 2621 685 0.00 -0.28
131645708 0 23593 686 0.00 -0.49
131714340 0 13107 686 0.00 -0.51
131782980 0 10486 686 0.00 -0.35
131851620 0 0 686 0.00 -0.17
131916100 0 -13107 685 0.00 -0.08
131985784 0 5243 686 0.00 -0.07
132053380 0 -7864 686 0.00 -0.14
132122020 0 -7864 686 0.00 -0.15
132190660 0 20972 687 0.00 0.08
132258260 0 18350 687 0.00 0.41
132325864 0 -18350 687 0.00 0.59
132394500 0 15729 687 0.00 0.50
132462100 0 5243 686 0.00 0.28
132528664 0 -23593 686 0.00 -0.07
132598340 0 -5243 686 0.00 -0.20
132666980 0 20972 686 0.00 -0.19
132735620 0 2621 687 0.00 -0.11
132803220 0 20972 687 0.00 -0.06
132871860 0 31457 686 0.00 0.00
132939460 0 -15729 688 0.00 -0.05
133009140 0 15729 686 0.00 -0.12
133077780 0 -28836 686 0.00 -0.14
133147464 0 -31457 686 0.00 0.00
133216104 0 -23593 686 0.00 0.22
133284744 0 -5243 687 0.00 0.35
133352344 0 -5243 687 0.00 0.31
133419944 0 5243 687 0.00 0.13
133486504 0 20972 687 0.00 -0.09
133555144 0 5243 686 0.00 -0.18
133622744 0 -2621 686 0.00 -0.14
133691384 0 -23593 686 0.00 0.00
133760032 0 18350 686 0.00 0.06
133827632 0 -26214 686 0.00 0.08
133896272 0 5243 686 0.00 0.05
133962832 0 26214 687 0.00 0.00
134030432 0 -28836 686 0.00 0.00
134099072 0 23593 687 0.00 0.16
134166672 0 31457 687 0.00 0.31
134234272 0 -5243 687 0.00 0.36
134301872 0 -15729 687 0.00 0.24
134370512 0 18350 686 0.00 0.05
134438112 0 0 686 0.00 -0.16
134502592 0 15729 686 0.00 -0.21
134571232 0 28836 686 0.00 -0.18
134639868 0 -2621 686 0.00 -0.12
134708504 0 28836 686 0.00 -0.08
134777140 0 18350 687 0.00 -0.06
134845780 0 28836 686 0.00 -0.05
134914420 0 -15729 686 0.00 -0.03
134984100 0 15729 686 0.00 0.05
135051704 0 13107 687 0.00 0.20
135119300 0 31457 686 0.00 0.36
135186900 0 28836 687 0.00 0.40
135254500 0 -26214 687 0.00 0.31
135323140 0 7864 686 0.00 0.13
135389704 0 10486 686 0.00 -0.05
135458340 0 -18350 686 0.00 -0.11
135528024 0 -5243 686 0.00 -0.12
135596664 0 7864 686 0.00 -0.12
135664260 0 18350 686 0.00 -0.14
135732904 0 -26214 686 0.00 -0.16
135802580 0 -26214 686 0.00 -0.14
135872260 0 28836 686 0.00 -0.12
135940900 0 15729 686 0.00 -0.02
136009544 0 2621 687 0.00 0.13
136076104 0 0 687 0.00 0.27
136139540 0 28836 687 0.00 0.35
136207140 0 18350 687 0.00 0.30
136274744 0 -2621 687 0.00 0.22
136342344 0 10486 687 0.00 0.12
136409944 0 23593 686 0.00 0.03
136477544 0 26214 686 0.00 0.00
136545144 0 15729 687 0.00 -0.01
136613784 0 -26214 686 0.00 -0.05
136683464 0 28836 686 0.00 -0.09
136752104 0 -26214 686 0.00 -0.11
136821792 0 -26214 687 0.00 -0.09
136891472 0 -15729 687 0.00 -0.01
136961152 0 23593 687 0.00 0.04
137028752 0 0 687 0.00 0.12
137092192 0 -23593 686 0.00 0.15
137160832 0 -13107 686 0.00 0.18
137229472 0 -13107 686 0.00 0.11
137298112 0 0 687 0.00 0.06
137361552 0 -31457 686 0.00 0.02
137430192 0 -18350 686 0.00 0.00
137498832 0 -15729 686 0.00 0.00
137567464 0 -15729 686 0.00 0.00
137636116 0 -26214 686 0.00 0.00
137704740 0 -5243 686 0.00 0.00
137772340 0 5243 686 0.00 0.01
137838900 0 26214 687 0.00 0.06
137906500 0 13107 688 0.00 0.10
137974100 0 -31457 686 0.00 0.15
138042740 0 0 686 0.00 0.14
138106180 0 -23593 687 0.00 0.11
138174824 0 10486 687 0.00 0.06
138242424 0 -10486 686 0.00 0.00
138311060 0 -31457 686 0.00 -0.04
138380744 0 15729 687 0.00 -0.09
138449380 0 -5243 686 0.00 -0.11
138518020 0 -15729 686 0.00 -0.07
138587704 0 18350 686 0.00 -0.03
138656340 0 -15729 686 0.00 -0.01
138726020 0 15729 686 0.00 0.05
138793620 0 -18350 687 0.00 0.09
138862264 0 -20972 687 0.00 0.16
138930900 0 -10486 687 0.00 0.21
138999540 0 31457 687 0.00 0.22
139067144 0 -13107 687 0.00 0.20
139135780 0 -23593 687 0.00 0.08
139204424 0 -20972 686 0.00 0.03
139273064 0 2621 686 0.00 -0.03
139340664 0 26214 686 0.00 -0.10
139409304 0 -26214 686 0.00 -0.10
139478984 0 28836 686 0.00 -0.12
139547624 0 -5243 686 0.00 -0.10
139616272 0 -15729 686 0.00 -0.06
139685952 0 5243 686 0.00 -0.03
139753552 0 15729 686 0.00 0.04
139821152 0 13107 686 0.00 0.13
139888748 0 0 687 0.00 0.21
139952192 0 10486 687 0.00 0.23
140019792 0 31457 686 0.00 0.21
140087392 0 31457 687 0.00 0.16
140154988 0 0 686 0.00 0.09
140218432 0 2621 687 0.00 0.02
140284992 0 15729 687 0.00 -0.01
140353632 0 15729 687 0.00 -0.04
140422272 0 -26214 686 0.00 -0.06
140491952 0 -26214 686 0.00 8.13
140560592 0 686 732 -0.08 8.15
140627152 0 687 732 -0.05 8.18
140693712 0 686 732 0.00 8.20
140759232 0 686 732 0.04 8.22
140824752 0 686 732 0.07 8.27
140890268 0 686 732 0.16 8.28
140955792 0 686 732 0.13 8.25
141021312 0 686 732 0.11 8.22
141086828 0 686 733 0.10 8.23
141152352 0 687 732 0.05 8.15
141217872 0 686 731 0.03 8.15
141283392 0 687 732 0.00 8.14
141348912 0 686 731 -0.01 8.10
141415472 0 686 731 0.00 8.13
141480992 0 686 732 0.00 8.14
141546512 0 686 732 0.00 8.16
141612024 0 687 732 0.04 8.17
141677544 0 686 732 0.07 8.19
141743064 0 687 732 0.09 8.24
141808584 0 686 732 0.11 8.24
141874104 0 686 732 0.11 8.26
141939624 0 687 732 0.09 8.25
142005144 0 687 732 0.04 8.21
142070664 0 686 732 0.00 8.20
142136184 0 687 732 -0.01 8.15
142202744 0 687 732 -0.06 8.15
142269304 0 686 732 -0.05 8.12
142335864 0 686 732 -0.03 8.11
142402424 0 686 732 0.00 8.13
142467944 0 686 731 0.02 8.15
142533464 0 686 732 0.06 8.18
142598984 0 687 732 0.10 8.23
142664504 0 687 732 0.14 8.23
142730020 0 687 732 0.18 8.26
142795540 0 687 732 0.16 8.25
142861064 0 687 732 0.14 8.25
142926580 0 686 731 0.09 8.22
142992100 0 686 733 0.04 8.18
143057620 0 687 733 -0.02 8.18
143124184 0 686 732 -0.06 8.14
143190740 0 686 732 -0.07 8.12
143257300 0 686 732 -0.09 8.15
143323860 0 686 732 -0.05 8.11
143390420 0 686 731 -0.05 8.13
143456984 0 686 732 -0.04 8.18
143523540 0 686 732 0.04 8.19
143589060 0 687 731 0.09 8.23
143654580 0 687 732 0.15 8.22
143720100 0 686 732 0.19 8.26
143785620 0 687 732 0.19 8.26
143851140 0 686 732 0.12 8.25
143916660 0 686 731 0.11 8.21
143982180 0 687 732 0.04 8.18
144047704 0 686 732 0.03 8.14
144113220 0 687 732 -0.04 8.14
144179784 0 686 732 -0.04 8.13
144246340 0 686 732 -0.07 8.12
144312900 0 686 732 -0.04 8.12
144379460 0 686 732 -0.02 8.17
144446020 0 686 732 0.00 8.19
144511540 0 686 732 0.04 8.20
144577060 0 686 731 0.08 8.23
144642584 0 686 732 0.10 8.24
144708100 0 686 732 0.11 8.25
144773624 0 686 731 0.12 8.23
144839140 0 686 732 0.09 8.20
144904664 0 687 732 0.07 8.19
144970180 0 686 732 0.04 8.14
145035704 0 687 731 0.02 8.14
145101220 0 686 732 0.00 8.15
145166740 0 686 732 0.01 8.12
145232260 0 686 732 0.00 8.13
145297784 0 687 732 0.02 8.15
145363300 0 686 732 0.04 8.18
145428820 0 686 732 0.03 8.19
145494340 0 687 732 0.06 8.20
145559860 0 686 732 0.11 8.22
145625380 0 686 732 0.07 8.25
145690904 0 686 732 0.09 8.25
145756432 0 686 732 0.07 8.21
145821948 0 686 732 0.03 8.17
145887468 0 685 732 0.00 8.15
145952992 0 686 733 0.00 8.14
146018512 0 686 731 0.01 8.14
146084032 0 686 731 0.00 8.13
146149552 0 686 732 0.00 8.14
146215068 0 687 732 0.02 8.14
146280592 0 686 732 0.05 8.16
146346112 0 686 732 0.08 8.20
146411628 0 686 732 0.09 8.20
146477152 0 686 732 0.13 8.23
146542672 0 686 732 0.14 8.25
146608192 0 686 732 0.12 8.25
146673712 0 686 731 0.07 8.21
146739232 0 686 732 0.03 8.20
146804752 0 686 732 0.00 8.17
146870264 0 686 731 -0.03 8.16
146936824 0 686 732 -0.04 8.14
147003384 0 686 732 -0.02 8.14
147069944 0 686 732 -0.05 8.16
147136504 0 686 732 0.00 8.15
147202024 0 686 732 0.00 8.15
147267544 0 686 732 0.03 8.17
147333064 0 687 732 0.07 8.22
147398584 0 686 732 0.13 8.22
147464104 0 687 732 0.15 8.24
147529624 0 686 731 0.17 8.25
147595144 0 686 732 0.14 8.24
147660664 0 686 732 0.11 8.20
147726184 0 686 731 0.07 8.19
147791704 0 685 732 0.02 8.17
147857224 0 686 732 0.01 8.15
147922744 0 686 731 0.00 8.14
147988260 0 686 732 -0.03 8.13
148054820 0 686 732 -0.03 8.14
148121380 0 686 732 0.00 8.13
148186900 0 686 732 -0.01 8.16
148253460 0 686 732 0.02 8.19
148318980 0 686 731 0.05 8.22
148436408 1 686 732 0.08 0.00
148517104 2 -10486 0 0.00 0.00
148545876 2 -13107 13107 0.00 0.00
148662508 3 20972 -31457 0.00 0.08
148689428 3 23593 686 0.00 0.03
148757028 3 -28836 685 0.00 0.04
148825672 3 -28836 685 0.00 0.00
148894308 3 15729 687 0.00 -0.01
148962948 3 15729 687 0.00 0.00
149030548 3 26214 686 0.00 0.01
149098148 3 15729 686 0.00 0.01
149165748 3 26214 686 0.00 0.02
149233348 3 -18350 686 0.00 0.04
149301992 3 2621 687 0.00 0.05
149368552 3 -10486 686 0.00 0.09
149437192 3 0 687 0.00 0.08
149552516 3 -31457 686 0.00 0.00
149578092 3 731 0 0.02 8.18
149640800 3 686 732 0.02 8.17
149706316 3 686 732 0.02 8.17
149771840 3 686 731 0.01 8.14
149837356 3 686 731 0.00 8.13
149954792 4 686 732 0.00 0.00
150032168 5 -15729 26214 0.00 0.00
150111012 7 -10486 -28836 0.00 0.00
150138996 7 -13107 -10486 0.00 0.00
150210756 7 7864 15729 0.00 0.00
150279388 7 7864 23593 0.00 0.10
150348024 7 0 686 0.00 0.12
150411476 7 -31457 686 0.00 0.07
150480104 7 -20972 686 0.00 0.06
150548752 7 2621 686 0.00 0.01
150615316 7 -7864 686 0.00 0.00
150682904 7 -18350 686 0.00 -0.04
150752580 7 -18350 686 0.00 0.03
150821224 7 -2621 686 0.00 -0.02
150889864 7 -5243 686 0.00 0.00
150957460 7 28836 686 0.00 0.03
151025064 7 26214 686 0.00 0.02
151092664 7 -7864 686 0.00 0.06
151160264 7 13107 686 0.00 0.09
151227860 7 -31457 686 0.00 0.13
151296500 7 -20972 686 0.00 0.12
151365140 7 23593 686 0.00 0.09
151432740 7 23593 686 0.00 0.05
151500340 7 -20972 686 0.00 0.05
151620872 6 13107 686 0.00 0.00
151646448 6 732 0 -0.05 8.16
151709156 6 686 731 -0.01 8.16
151775716 6 686 731 0.00 8.10
151841236 6 686 731 -0.02 8.18
151907796 6 686 732 0.00 8.16
151973316 6 686 731 0.00 8.17
152038836 6 686 731 0.03 8.22
152104356 6 686 731 0.04 8.22
152221804 5 686 731 0.07 0.00
152282204 5 -13107 0 0.00 0.00
152310088 5 686 732 0.13 8.23
152375608 5 686 732 0.04 8.09
152441128 5 686 732 0.08 8.25
152506644 5 686 732 0.02 8.13
152572176 5 686 731 0.02 8.20
152637688 5 686 732 -0.04 8.10
152704248 5 686 733 0.00 8.17
152769768 5 686 731 0.02 8.23
152835296 5 686 732 0.02 8.21
152900820 5 686 732 0.00 8.19
152966336 5 686 732 0.02 8.19
153031856 5 686 732 0.06 8.20
153097380 5 686 732 0.06 8.24
153162900 5 686 732 0.07 8.22
153228420 5 686 731 0.06 8.21
153293940 5 686 732 0.06 8.21
153359460 5 686 732 0.04 8.20
153424976 5 686 731 0.03 8.17
153490496 5 686 732 0.01 8.16
153556016 5 686 732 0.03 8.15
153621536 5 686 731 0.03 8.14
153687056 5 686 732 0.02 8.14
153752568 5 686 732 0.02 8.15
153818088 5 686 732 0.06 8.18
153883608 5 687 732 0.07 8.18
153949128 5 686 732 0.08 8.22
154014652 5 686 732 0.08 8.22
154080168 5 686 731 0.07 8.22
154145688 5 686 732 0.07 8.20
154211208 5 686 732 0.05 8.20
154276732 5 686 731 0.00 8.18
154342248 5 686 732 0.01 8.17
154407768 5 686 732 0.00 8.16
154473292 5 685 731 0.00 8.14
154538812 5 686 732 -0.01 8.14
154605372 5 686 731 -0.02 8.18
154671932 5 686 732 0.02 8.15
154737448 5 686 732 0.04 8.15
154802968 5 686 732 0.03 8.18
154868488 5 686 732 0.08 8.21
154934004 5 686 732 0.09 8.21
154999524 5 686 732 0.10 8.20
155116932 6 686 732 0.12 0.00
155142440 6 -10486 -7864 0.00 0.00
155261300 7 -15729 2621 0.00 0.05
155287192 7 13107 686 0.00 0.00
155406696 8 -10486 -28836 0.00 8.14
155486548 10 686 731 8.14 0.00
155564016 13 732 0 8.18 0.00
155641364 16 731 0 8.17 0.00
155718736 20 732 0 8.15 0.00
155796100 22 732 0 8.21 0.00
155873464 24 732 0 8.21 0.00
155950828 27 732 0 8.22 0.00
156028172 30 732 0 8.21 0.00
156105508 33 732 0 8.19 0.00
156182852 37 731 0 8.17 0.00
156260192 40 732 0 8.17 0.00
156337556 42 732 0 8.16 0.00
156414932 45 732 0 8.16 0.00
156492296 48 732 0 8.16 0.00
156569672 53 731 0 8.16 0.00
156647012 56 732 0 8.15 0.00
156724388 60 732 0 8.18 0.00
156801724 62 732 0 8.19 0.00
156879088 65 732 0 8.21 0.00
156956448 66 732 0 8.21 0.00
157033820 65 731 0 8.18 0.00
157059284 65 732 0 0.04 8.16
157118984 65 686 731 0.02 8.18
157185540 65 686 731 0.02 8.18
157304016 64 686 732 0.02 0.00
157364460 68 -13107 0 0.00 0.00
157446296 72 686 732 8.16 0.00
157523724 75 731 0 8.18 0.00
157601068 76 716 0 9.15 0.00
157678432 79 673 0 8.60 0.00
157755756 80 594 0 7.66 0.00
157833120 82 623 0 3.47 0.00
157910460 83 753 0 1.75 0.00
157935908 83 770 0 1.32 2.48
157995624 83 770 770 0.00 2.07
158062180 83 767 767 7.21 7.71
158128740 83 740 745 1.43 5.12
158195300 83 430 516 1.28 0.84
158261860 83 638 666 3.13 5.42
158328420 83 765 760 -1.18 1.09
158396020 83 771 770 2.59 3.03
158462584 83 771 768 3.44 2.97
158529140 83 757 750 0.22 5.94
158595704 83 671 556 -3.74 -4.38
158664344 83 577 678 6.10 2.05
158782812 85 768 759 -3.27 0.00
158843268 88 -20972 0 0.00 0.00
158926120 91 763 754 6.44 0.00
159003568 92 552 0 1.05 0.00
159029012 92 693 0 2.73 1.13
159088756 92 751 749 -1.61 3.06
159156356 92 772 768 -3.48 -0.60
159224996 92 771 770 1.65 2.79
159291556 92 753 756 1.51 2.54
159358116 92 790 436 -1.36 2.50
159425716 92 628 698 4.80 0.19
159492276 92 768 764 -0.60 -2.16
159560916 92 773 770 0.71 3.23
159627476 92 762 761 4.06 -1.04
159695072 92 713 618 3.39 0.49
159761632 92 591 611 1.44 1.37
159828188 92 761 759 0.54 0.00
159894752 92 773 770 3.64 -0.20
160014264 91 770 766 6.19 0.00
160146900 89 5243 0 0.00 0.00
160172384 89 -7864 0 0.55 0.00
160235180 89 770 -15729 3.04 0.00
160304860 89 770 -7864 1.81 0.00
160373500 89 -23593 7864 0.00 0.00
160444228 89 10486 15729 0.00 2.47
160514952 89 10486 749 0.00 2.53
160583592 89 0 771 0.00 0.97
160648068 89 -26214 773 0.00 0.96
160717752 89 20972 766 0.00 3.87
160786392 89 0 743 0.00 6.39
160850868 89 -26214 593 0.00 3.66
160920548 89 31457 760 0.00 2.65
160989192 89 -26214 772 0.00 -0.56
161059916 89 -7864 770 0.00 2.98
161128556 89 0 738 0.00 1.43
161193036 89 -13107 733 0.00 2.01
161262716 89 18350 728 0.00 0.79
161331356 89 7864 771 0.00 -0.42
161399996 89 -31457 773 0.00 2.41
161469668 89 -10486 760 0.00 6.11
161539348 89 -5243 791 0.00 2.39
161607980 89 7864 607 0.00 5.68
161675588 89 -13107 768 0.00 2.79
161745260 89 23593 773 0.00 1.84
161813900 89 -26214 767 0.00 6.45
161883580 89 20972 740 0.00 6.64
161952220 89 7864 554 0.00 -4.43
162020860 89 2621 747 0.00 -0.17
162089500 89 2621 772 0.00 1.34
162157100 89 26214 772 0.00 5.52
162225740 89 31457 749 0.00 7.10
162294380 89 13107 851 0.00 2.19
162363020 89 -20972 698 0.00 3.67
162432700 89 28836 769 0.00 -4.30
162502380 89 -2621 773 0.00 1.94
162571020 89 761 757 1.27 10.41
162638620 89 743 596 1.92 1.63
162705180 89 561 576 1.82 0.88
162771740 89 759 755 0.07 -4.37
162839340 89 772 770 0.67 -1.58
162906952 89 770 767 5.69 1.49
162973512 89 745 734 2.19 -1.64
163041108 89 853 319 -1.26 -3.30
163109752 89 690 713 2.83 -3.06
163177352 89 770 766 -3.79 1.42
163244948 89 773 770 1.25 6.45
163311508 89 763 760 2.88 6.86
163378072 89 732 597 4.46 -1.33
163445672 89 547 588 3.43 0.75
163512228 89 759 758 -0.07 -2.45
163580872 89 772 770 3.92 1.51
163647432 89 770 767 6.29 1.20
163713992 89 747 733 2.69 0.40
163780552 89 844 339 1.00 -0.99
163848148 89 707 720 -0.51 -1.47
163916788 89 771 768 -0.82 0.15
163984396 89 773 770 4.22 -0.78
164051992 89 761 758 1.62 2.39
164118552 89 751 555 2.52 4.03
164185112 89 581 598 1.83 2.54
164251672 89 759 759 1.11 -0.08
164319272 89 772 770 0.81 -0.02
164386876 89 770 766 4.96 2.04
164453432 89 740 724 2.48 -0.87
164521036 89 835 377 1.94 -0.92
164588636 89 732 729 3.16 -1.61
164656232 89 771 768 1.78 0.20
164722796 89 773 770 4.86 -2.05
164790396 89 762 758 1.55 3.19
164856956 89 741 589 3.62 2.71
164923516 89 538 589 3.56 -3.86
164991112 89 759 759 6.50 -0.93
165058716 89 773 770 -0.95 2.61
165126316 89 770 767 4.79 2.62
165192876 89 741 731 1.63 -0.90
165260476 89 854 349 2.42 -0.50
165328076 89 718 721 2.29 -3.96
165395672 89 770 768 -0.07 -4.03
165464308 89 772 770 4.35 -1.53
165531912 89 761 757 2.65 3.08
165598476 89 744 587 5.00 -2.80
165666068 89 585 572 0.60 -0.96
165733668 89 759 759 2.53 0.09
165800220 89 772 770 4.27 0.71
165866780 89 770 766 4.32 2.67
165933352 89 740 731 -0.27 -0.34
166001988 89 843 314 0.33 -1.01
166069580 89 712 715 2.13 -1.39
166137180 89 770 767 -2.69 0.65
166204780 89 772 770 8.77 -2.65
166272380 89 762 758 5.28 6.26
166338940 89 734 597 1.46 2.29
166405500 89 545 582 1.53 0.37
166472060 89 758 756 0.16 -1.36
166539660 89 772 770 2.21 0.84
166606220 89 770 767 4.43 0.02
166672780 89 748 736 4.13 3.52
166739340 89 860 320 2.71 -1.36
166806940 89 691 709 1.43 -0.49
166874540 89 769 767 -1.21 -2.40
166943180 89 773 770 5.86 3.25
167009740 89 762 759 0.53 -1.63
167077340 89 732 605 3.95 2.02
167143900 89 565 579 1.24 0.00
167210460 89 759 757 0.56 -1.77
167278060 89 772 770 1.51 0.08
167344620 89 770 768 5.01 2.97
167411180 89 745 734 3.37 1.01
167477740 89 855 364 0.92 0.00
167544300 89 724 -31457 -0.61 0.00
167615020 89 761 -2621 0.91 0.00
167683660 89 -26214 -31457 0.00 2.12
167756460 89 -31457 753 0.00 7.10
167826140 89 5243 785 0.00 1.84
167893740 89 -26214 594 0.00 4.74
167963420 89 -23593 763 0.00 0.28
168033108 89 -10486 772 0.00 -0.76
168103832 89 28836 767 0.00 4.00
168172472 89 7864 723 0.00 6.61
168240072 89 2621 544 0.00 1.37
168307672 89 7864 756 0.00 -1.61
168376312 89 -13107 773 0.00 1.01
168445996 89 -7864 771 0.00 4.07
168514636 89 28836 735 0.00 4.90
168583276 89 31457 832 0.00 -0.01
168652956 89 -5243 738 0.00 -2.18
168722636 89 -31457 772 0.00 1.20
168792308 89 7864 772 0.00 6.29
168859912 89 -13107 753 0.00 3.03
168929580 89 5243 844 0.00 2.40
168997192 89 2621 700 0.00 3.16
169064780 89 -31457 769 0.00 4.11
169134460 89 -5243 773 0.00 1.43
169203100 89 -10486 765 0.00 4.67
169272780 89 -2621 732 0.00 3.49
169341420 89 10486 572 0.00 5.70
169410060 89 18350 759 0.00 0.00
169478700 89 -10486 772 0.00 1.33
169548380 89 31457 770 0.00 5.85
169617020 89 5243 738 0.00 2.06
169684620 89 -15729 681 0.00 -1.73
169755340 89 26214 734 0.00 -3.64
169825020 89 -5243 771 0.00 0.39
169893660 89 -23593 772 0.00 2.11
169963348 89 2621 757 0.00 4.31
170030948 89 7864 829 0.00 -0.01
170099592 89 28836 645 0.00 -3.00
170169268 89 -26214 767 0.00 -0.15
170239992 89 -23593 773 0.00 3.09
170309676 89 0 765 0.00 2.01
170374152 89 -2621 732 0.00 6.18
170442796 89 -13107 585 0.00 0.10
170512472 89 -7864 757 0.00 2.05
170581116 89 -13107 772 0.00 1.83
170650796 89 -20972 771 0.00 3.67
170720472 89 -18350 741 0.00 -0.46
170791188 89 23593 831 0.00 2.33
170859832 89 2621 732 0.00 1.20
170927432 89 0 770 0.00 -0.44
170992940 89 -13107 772 0.00 3.06
171062620 89 -18350 760 0.00 0.03
171132300 89 5243 772 0.00 2.40
171199900 89 -20972 635 0.00 2.39
171269580 89 31457 766 0.00 0.59
171338220 89 -31457 773 0.00 0.89
171407900 89 7864 768 0.00 6.10
171475500 89 0 727 0.00 5.98
171539980 89 -7864 549 0.00 4.52
171608620 89 -13107 748 0.00 -0.22
171679340 89 23593 773 0.00 1.50
171747980 89 -13107 772 0.00 2.81
171817660 89 15729 752 0.00 4.82
171886300 89 20972 819 0.00 1.91
171954940 89 -5243 662 0.00 4.17
172023580 89 -15729 769 0.00 0.54
172093268 89 -23593 773 0.00 0.42
172162952 89 -13107 765 0.00 0.71
172232632 89 0 731 0.00 3.12
172297112 89 -23593 562 0.00 5.51
172366792 89 0 758 0.00 -0.03
172432312 89 -5243 772 0.00 2.03
172500952 89 -5243 770 0.00 2.06
172569592 89 10486 744 0.00 3.29
172638232 89 18350 862 0.00 0.45
172706872 89 23593 721 0.00 -3.61
172776556 89 7864 771 0.00 -0.13
172845192 89 18350 773 0.00 4.48
172913836 89 20972 761 0.00 5.25
172982476 89 20972 754 0.00 2.53
173051108 89 -18350 616 0.00 -0.27
173121820 89 768 765 -2.48 3.40
173189420 89 772 770 2.37 2.56
173255980 89 768 765 4.39 -3.50
173323588 89 735 703 4.92 3.86
173390152 89 695 433 3.25 0.71
173456708 89 739 739 0.67 1.07
173523272 89 771 768 2.34 -0.21
173590860 89 772 769 -1.40 -4.01
173659500 89 758 754 2.58 2.30
173726060 89 834 487 0.27 0.38
173792620 89 635 646 4.84 -0.73
173860220 89 764 763 0.11 0.00
173926780 89 770 -31457 4.46 0.00
173996460 89 769 -7864 -0.23 0.00
174066140 89 -7864 7864 0.00 0.00
174135820 89 -15729 -10486 0.00 4.39
174208620 89 15729 760 0.00 -1.63
174278300 89 15729 772 0.00 0.43
174346940 89 10486 771 0.00 3.92
174415580 89 15729 742 0.00 4.60
174484220 89 2621 822 0.00 3.95
174551820 89 -15729 727 0.00 2.53
174621512 89 7864 770 0.00 0.31
174689108 89 15729 772 0.00 3.36
174757752 89 23593 762 0.00 0.37
174826392 89 20972 749 0.00 4.51
174895032 89 26214 608 0.00 3.63
174963672 89 23593 761 0.00 0.40
175032312 89 -31457 772 0.00 1.22
175101996 89 13107 769 0.00 0.27
175170636 89 -26214 730 0.00 1.48
175240316 89 -18350 729 0.00 -1.26
175311032 89 2621 747 0.00 1.01
175378632 89 7864 772 0.00 1.14
175446236 89 -7864 772 0.00 -0.12
175515912 89 0 754 0.00 5.54
175580388 89 -28836 827 0.00 1.93
175650068 89 23593 658 0.00 5.99
175718700 89 20972 769 0.00 0.75
175787340 89 10486 772 0.00 6.63
175855980 89 -7864 764 0.00 2.30
175924620 89 -18350 727 0.00 4.96
175994300 89 15729 569 0.00 2.69
176062940 89 0 758 0.00 -0.56
176128460 89 -28836 772 0.00 2.83
176198140 89 13107 771 0.00 0.06
176266780 89 23593 742 0.00 0.75
176335420 89 28836 863 0.00 1.04
176404060 89 -26214 719 0.00 1.74
176473740 89 -18350 770 0.00 0.05
176543420 89 -20972 772 0.00 4.14
176613100 89 -20972 760 0.00 2.48
176682780 89 -7864 756 0.00 1.50
176751432 89 643 650 4.37 -0.09
176819028 89 763 762 4.46 -0.41
176886628 89 772 770 4.36 2.19
176953192 89 769 765 -0.01 -2.24
177021832 89 734 693 6.86 0.35
177088392 89 596 514 -1.31 4.32
177155988 89 750 743 -0.04 -1.46
177224632 89 772 770 2.83 -1.07
177292228 89 772 768 2.00 3.34
177358792 89 750 746 5.65 0.90
177425352 89 862 408 2.56 -0.56
177492952 89 689 683 5.55 -0.78
177560548 89 769 765 -0.14 -2.97
177629192 89 773 770 4.33 -0.52
177696796 89 766 762 4.09 -0.06
177764396 89 726 624 5.30 3.00
177830956 89 525 562 4.24 0.71
177897512 89 757 751 0.85 -0.07
177965112 89 772 769 0.45 2.53
178031676 89 771 767 2.69 2.39
178098232 89 748 745 3.74 -0.02
178165836 89 869 396 1.22 -0.35
178233432 89 682 700 4.26 -2.99
178301036 89 769 765 -2.73 -0.28
178369676 89 773 770 2.71 2.93
178436232 89 764 760 0.42 2.26
178502796 89 729 629 4.85 -0.93
178570396 89 550 562 2.84 0.13
178636956 89 756 747 -1.57 -2.79
178705596 89 772 769 3.67 0.00
178772156 89 768 -20972 6.54 0.00
178841828 89 762 -13107 -0.35 0.00
178912548 89 -28836 -2621 0.00 0.00
178984300 89 5243 18350 0.00 1.09
179053980 89 26214 771 0.00 3.03
179122620 89 -26214 772 0.00 1.24
179192300 89 -7864 760 0.00 3.03
179260940 89 -28836 769 0.00 2.37
179330620 89 -28836 642 0.00 3.48
179400300 89 2621 767 0.00 1.17
179467900 89 26214 773 0.00 -1.04
179537580 89 28836 767 0.00 0.24
179606220 89 -5243 729 0.00 5.33
179674860 89 -28836 597 0.00 2.13
179744540 89 31457 755 0.00 -1.25
179814228 89 23593 772 0.00 1.74
179882872 89 -23593 771 0.00 -2.21
179953592 89 -18350 746 0.00 2.00
180023268 89 23593 841 0.00 3.42
180091916 89 -2621 710 0.00 0.60
180160556 89 31457 770 0.00 1.82
180229192 89 18350 773 0.00 3.94
180297836 89 26214 759 0.00 4.13
180366476 89 -23593 755 0.00 -1.24
180437192 89 -13107 633 0.00 5.18
180506868 89 -18350 763 0.00 1.25
180576540 89 28836 773 0.00 1.84
180645192 89 20972 768 0.00 2.00
180713820 89 7864 729 0.00 5.57
180781420 89 -15729 595 0.00 3.30
180851100 89 -31457 753 0.00 0.35
180920780 89 18350 772 0.00 2.02
180989420 89 -15729 771 0.00 1.80
181059100 89 -23593 747 0.00 -2.98
181129820 89 2621 838 0.00 -0.21
181198460 89 -31457 723 0.00 0.46
181268140 89 -23593 770 0.00 0.07
181337820 89 26214 772 0.00 4.48
181406460 89 28836 760 0.00 -1.24
181476140 89 15729 754 0.00 4.82
181544792 89 -31457 630 0.00 7.02
181614472 89 23593 765 0.00 -1.45
181684152 89 26214 772 0.00 0.77
181752792 89 -2621 767 0.00 3.18
181821432 89 20972 729 0.00 2.67
181890076 89 28836 547 0.00 -0.75
181959756 89 28836 756 0.00 -3.06
182029436 89 -18350 772 0.00 4.29
182099116 89 -2621 771 0.00 4.62
182167752 89 -20972 743 0.00 0.91
182237428 89 15729 852 0.00 1.60
182306068 89 -28836 728 0.00 5.80
182375748 89 -20972 770 0.00 1.13
182445420 89 0 772 0.00 5.08
182509900 89 -15729 760 0.00 6.28
182579580 89 23593 752 0.00 1.73
182648220 89 -13107 608 0.00 6.69
182717900 89 20972 764 0.00 1.35
182786540 89 -18350 772 0.00 -0.10
182857260 89 26214 769 0.00 3.09
182925900 89 0 727 0.00 2.46
182990380 89 -5243 614 0.00 -1.60
183060060 89 -18350 748 0.00 1.31
183129740 89 18350 772 0.00 1.20
183198380 89 26214 772 0.00 3.26
183267020 89 -23593 750 0.00 2.92
183336700 89 15729 852 0.00 2.22
183405340 89 -31457 721 0.00 6.41
183475032 89 31457 770 0.00 0.66
183543672 89 -26214 772 0.00 5.62
183613352 89 2621 762 0.00 5.44
183680952 89 -31457 733 0.00 5.83
183750632 89 -13107 620 0.00 1.90
183820312 89 23593 762 0.00 0.43
183888956 89 -26214 772 0.00 3.12
183958636 89 31457 769 0.00 5.43
184027272 89 5243 734 0.00 -1.46
184095912 89 -10486 695 0.00 2.15
184165592 89 26214 747 0.00 -1.65
184235272 89 0 771 0.00 -4.19
184300788 89 772 768 6.27 -1.32
184368392 89 757 751 6.56 3.77
184434952 89 789 417 0.64 1.36
184501516 89 644 638 3.20 -0.95
184569108 89 766 763 -1.91 -0.79
184637740 89 772 770 0.84 -0.10
184705352 89 769 764 4.11 -0.90
184772940 89 731 697 1.29 -0.80
184840540 89 645 464 1.40 -2.03
184908140 89 744 744 2.85 -2.63
184975740 89 771 769 0.10 0.38
185042300 89 772 769 4.98 -0.66
185109900 89 756 750 6.11 -3.06
185177500 89 780 451 -1.40 0.88
185245100 89 656 658 -0.44 -0.49
185313740 89 766 763 0.07 0.39
185380300 89 773 770 4.50 1.49
185446860 89 769 765 4.63 0.87
185513420 89 729 699 2.47 1.01
185579980 89 619 469 1.82 -0.35
185647580 89 740 740 1.21 -1.56
185715180 89 771 769 0.71 0.25
185781740 89 773 769 4.03 -2.11
185849340 89 760 754 3.21 1.40
185915900 89 774 484 2.41 3.29
185982460 89 601 616 4.55 -2.07
186050060 89 763 761 -1.13 2.51
186117660 89 772 770 -2.02 1.76
186185260 89 769 765 2.76 -2.02
186252860 89 733 717 -0.56 0.01
186320460 89 729 430 2.52 -0.13
186388060 89 741 739 0.53 1.06
186454620 89 771 769 2.67 0.79
186521180 89 772 769 2.93 -1.00
186588780 89 761 755 5.37 -0.46
186656380 89 750 539 4.69 1.75
186722940 89 602 606 4.38 -0.59
186790540 89 761 760 -0.63 -0.26
186859180 89 772 770 0.16 1.13
186925740 89 769 765 6.06 0.22
186992300 89 735 717 1.25 0.51
187058860 89 783 419 -0.43 -0.41
187127500 89 735 734 -1.01 -4.30
187196140 89 770 768 -2.36 -3.46
187264780 89 772 769 5.65 -1.22
187332380 89 761 756 5.90 2.20
187398940 89 757 526 -0.52 2.78
187466540 89 610 607 2.22 -1.58
187534152 89 761 761 1.22 -3.57
187601752 89 772 770 2.03 4.58
187668308 89 770 766 3.44 1.49
187734872 89 733 716 0.91 -0.39
187802468 89 822 375 -3.12 -0.59
187871108 89 734 732 0.95 0.21
187937672 89 770 768 0.98 0.76
188004232 89 772 770 3.92 -1.24
188071828 89 760 754 4.62 4.26
188138392 89 742 551 -0.99 1.84
188205988 89 592 573 4.02 -1.07
188273588 89 761 759 -1.10 0.65
188341192 89 772 769 3.21 3.20
188407752 89 770 766 2.00 3.35
188474308 89 736 724 -0.72 3.72
188541912 89 835 345 1.35 -2.03
188609508 89 729 728 0.91 -1.49
188677112 89 771 768 -0.58 0.90
188744716 89 772 770 2.33 1.63
188811276 89 762 758 -1.49 7.41
188878876 89 733 578 1.57 2.05
188945432 89 579 577 0.68 1.43
189011996 89 759 757 -2.45 -1.58
189080632 89 772 770 -0.35 -0.31
189149272 89 770 767 2.75 1.74
189215832 89 741 732 5.78 3.28
189282392 89 815 326 0.42 -2.79
189349996 89 716 714 0.49 0.11
189416556 89 770 768 -1.95 1.58
189484152 89 772 770 3.84 -1.60
189551756 89 764 760 2.62 4.42
189618316 89 732 596 2.13 -0.32
189685916 89 557 570 -0.13 -0.31
189754556 89 758 754 0.53 -0.26
189822152 89 772 770 3.90 0.71
189888716 89 770 767 2.30 4.18
189955272 89 746 739 2.37 -2.54
190022872 89 856 322 -0.97 -2.04
190091508 89 712 711 0.05 -4.18
190159112 89 770 768 -3.25 -1.82
190227740 89 772 770 2.82 3.51
190294300 89 764 758 3.01 -2.15
190361900 89 729 591 2.37 -1.90
190429512 89 562 566 0.08 -2.86
190497100 89 759 755 -2.94 1.96
190564700 89 772 770 0.23 2.97
190631260 89 771 767 1.70 3.19
190697820 89 743 735 -0.82 3.05
190765420 89 837 337 -0.76 -2.05
190834060 89 716 714 0.93 -1.69
190901660 89 770 767 -1.28 -2.32
190970300 89 772 770 -0.78 2.09
191037900 89 761 756 -1.12 2.79
191105500 89 750 515 3.13 2.26
191172060 89 610 651 4.86 -3.63
191239660 89 765 761 -2.36 -1.05
191308300 89 772 770 1.67 4.15
191374860 89 768 765 3.44 -1.75
191442460 89 731 703 3.58 -0.75
191510060 89 646 484 0.85 1.04
191576620 89 748 743 -1.25 1.51
191644220 89 770 769 2.04 -2.12
191711820 89 772 769 1.81 -0.71
191779420 89 758 751 3.56 3.81
191845980 89 780 467 0.96 0.34
191912540 89 630 638 3.73 -0.53
191980140 89 765 762 -0.01 -2.11
192048780 89 772 770 2.41 1.59
192115340 89 768 764 5.37 -2.57
192182940 89 732 684 4.32 3.29
192249500 89 498 557 -1.03 -1.67
192318140 89 752 749 2.02 -1.12
192385740 89 772 769 -3.15 1.45
192453340 89 771 768 2.15 1.85
192519900 89 752 744 2.93 5.28
192586460 89 856 361 1.86 0.39
192653020 89 686 685 4.52 3.50
192719580 89 769 764 -0.25 4.95
192787180 89 772 770 3.77 -0.09
192854780 89 767 763 4.06 -3.18
192922380 89 732 670 3.83 2.37
192988940 89 530 531 -0.29 5.80
193056540 89 754 748 -0.89 -1.18
193125192 89 772 769 0.36 4.29
193191752 89 771 768 3.49 3.16
193258308 89 754 748 5.15 -1.38
193325912 89 814 413 -1.13 -0.94
193394552 89 651 665 2.18 -1.87
193462148 89 768 764 -1.25 0.55
193529748 89 773 770 1.88 5.65
193596308 89 767 763 1.75 -3.73
193663912 89 729 684 2.66 1.51
193730472 89 576 518 0.15 2.40
193797028 89 753 746 2.50 0.36
193863592 89 772 769 1.12 -1.05
193931188 89 772 769 2.45 -1.08
193998792 89 757 748 5.33 0.05
194065348 89 829 363 0.51 -0.36
194132952 89 659 673 3.19 1.04
194199512 89 768 764 -0.25 -1.37
194268152 89 773 770 0.90 2.42
194334712 89 766 763 1.64 -0.91
194402316 89 726 679 5.11 3.52
194468876 89 594 530 4.78 -2.75
194536472 89 754 746 -1.99 1.11
194604072 89 772 769 -0.59 1.17
194671672 89 772 769 -2.39 5.87
194739272 89 756 750 6.24 -3.76
194806876 89 798 433 -0.87 1.04
194874476 89 659 665 1.88 -0.02
194942076 89 767 763 -1.50 -0.03
195010716 89 772 770 2.96 3.56
195077276 89 768 764 3.42 0.28
195143832 89 733 698 5.05 1.52
195210396 89 666 474 2.88 -0.55
195277992 89 744 742 0.99 -1.41
195345596 89 771 770 0.01 -5.62
195413192 89 772 769 3.58 -2.39
195480792 89 758 753 3.18 -2.14
195548388 89 776 488 2.57 1.28
195614948 89 632 632 6.08 -1.72
195682548 89 764 761 0.11 2.65
195749108 89 772 770 1.61 4.33
195815668 89 769 765 2.38 0.99
195882228 89 739 721 3.65 2.38
195948788 89 786 423 -2.03 -1.64
196017428 89 733 733 5.53 -1.87
196085020 89 771 769 -2.05 -1.34
196153668 89 772 769 5.72 1.45
196220232 89 761 755 2.92 -0.49
196287820 89 754 536 5.02 5.79
196354380 89 628 609 3.01 0.73
196420940 89 762 760 2.48 -2.60
196488540 89 772 770 3.80 2.59
196555100 89 770 766 3.85 3.93
196621660 89 740 728 0.73 3.88
196688220 89 844 394 0.53 -0.62
196755820 89 724 721 -2.37 -3.69
196824460 89 770 768 0.00 4.07
196891020 89 772 769 2.21 -2.21
196958620 89 762 758 -3.28 7.89
197026220 89 742 565 6.13 1.58
197092780 89 599 595 4.65 -0.32
197160380 89 760 758 -0.44 -0.04
197229020 89 772 770 2.86 2.64
197295580 89 771 766 1.43 5.48
197362140 89 742 735 -0.97 3.19
197429740 89 828 339 2.37 -2.08
197497340 89 718 715 3.88 0.11
197563900 89 770 767 3.70 0.71
197630460 89 772 770 2.31 4.77
197697020 89 764 760 3.02 -2.72
197764620 89 729 607 0.60 1.92
197831180 89 557 570 1.48 -1.16
197898780 89 759 753 1.43 -3.55
197966380 89 772 770 1.95 -0.33
198033980 89 771 767 0.38 2.73
198100540 89 746 739 1.19 -1.06
198168140 89 866 356 2.25 -1.87
198235740 89 698 704 1.55 0.27
198302300 89 769 766 0.44 -1.06
198369900 89 772 770 -1.06 2.71
198437500 89 764 760 3.62 -2.82
198505100 89 728 631 0.38 1.71
198571660 89 574 546 3.54 -1.16
198639260 89 757 749 -1.72 -0.47
198707900 89 772 769 1.10 -0.47
198775500 89 771 768 5.62 0.52
198842060 89 750 744 7.36 -2.82
198909660 89 859 392 1.28 -1.45
198977260 89 689 696 3.52 0.26
199043820 89 769 765 -2.93 -3.35
199112460 89 773 770 -0.92 -1.68
199181100 89 765 762 0.51 -3.51
199248712 89 727 627 -0.54 1.50
199316308 89 578 552 0.26 -0.17
199383908 89 759 752 -1.09 -1.20
199452552 89 772 769 1.35 -1.65
199520152 89 770 767 4.30 -0.65
199587752 89 743 724 1.01 0.00
199654312 89 807 446 0.94 -0.69
199721912 89 738 737 0.00 -2.50
199789512 89 770 768 -5.33 -2.73
199858148 89 772 769 5.37 -0.56
199925752 89 759 755 5.66 -2.17
199993356 89 774 438 0.93 -0.98
200060952 89 669 684 7.45 -0.19
200128556 89 769 764 -1.66 -2.06
200197192 89 772 770 3.21 0.03
200263756 89 766 763 2.89 -3.06
200331352 89 724 629 1.10 1.30
200397916 89 558 598 0.94 2.55
200464472 89 760 756 -4.99 3.24
200532076 89 772 770 4.30 1.26
200598636 89 771 767 1.22 4.93
200665192 89 748 730 1.55 0.03
200731756 89 847 427 -2.14 -4.92
200800396 89 732 736 1.43 -4.60
200867996 89 771 769 0.02 1.13
200934556 89 772 769 2.43 -0.23
201002156 89 759 755 2.70 5.09
201068712 89 778 476 4.30 -1.77
201136312 89 660 680 5.47 2.47
201202872 89 767 763 -1.00 0.61
201270472 89 773 770 1.07 0.52
201337032 89 767 763 4.23 -4.77
201404632 89 729 658 2.24 -0.33
201472228 89 625 568 -1.92 0.77
201539828 89 757 754 -0.25 -3.64
201608468 89 772 770 2.74 2.49
201675028 89 771 767 0.88 2.25
201741588 89 745 729 1.68 1.73
201808148 89 849 425 -0.79 -2.33
201876780 89 735 737 2.46 -0.67
201944388 89 771 768 -4.61 -0.32
202013020 89 772 769 3.84 -3.34
202080620 89 756 752 3.79 -0.97
202148220 89 788 458 0.57 -1.23
202215820 89 691 691 4.42 0.53
202282380 89 769 764 -0.79 4.86
202349980 89 773 770 4.49 0.69
202416540 89 765 762 3.60 -1.11
202484140 89 728 637 1.63 0.96
202550700 89 568 609 3.90 -1.22
202618300 89 760 758 -3.11 0.23
202685900 89 771 770 1.97 4.82
202752460 89 770 766 3.68 2.76
202819020 89 740 722 0.52 0.96
202885580 89 853 450 1.99 -0.49
202953180 89 739 739 1.24 -2.30
203020780 89 771 768 -2.73 -1.33
203089420 89 773 769 4.47 0.27
203155980 89 757 751 7.47 -4.08
203223580 89 816 422 2.19 1.71
203290140 89 689 696 4.69 1.05
203356700 89 768 765 -3.33 -3.66
203425340 89 773 770 2.22 2.86
203491900 89 765 762 5.97 -1.64
203559500 89 729 632 7.24 1.77
203626060 89 612 597 1.00 1.23
203692620 89 759 757 -2.57 0.60
203760220 89 772 770 1.06 -0.66
203827820 89 771 767 1.21 2.53
203894380 89 741 724 5.71 -1.45
203961980 89 843 453 -1.04 -1.28
204030620 89 744 740 1.31 -1.15
204098220 89 772 769 -2.96 0.64
204165820 89 772 769 2.96 -2.26
204233420 89 757 750 3.62 0.52
204299980 89 810 406 -0.70 -1.09
204368620 89 673 687 3.63 2.36
204435180 89 769 765 1.35 -2.11
204502780 89 773 771 0.72 0.74
204569340 89 765 762 1.69 -2.14
204636940 89 726 633 -3.45 -0.10
204705580 89 558 619 1.02 -0.15
204773192 89 760 758 -0.90 -0.43
204841832 89 772 770 0.64 2.12
204908388 89 770 767 1.62 3.87
204974948 89 736 719 6.71 -2.60
205042552 89 814 457 2.17 -0.05
205110148 89 750 743 -0.01 -2.76
205178792 89 771 769 -1.27 -1.56
205247432 89 772 768 6.36 5.24
205313992 89 756 749 1.71 -1.14
205381592 89 832 380 2.77 -1.19
205449188 89 702 708 -0.06 -3.00
205517836 89 769 766 1.63 -2.67
205585432 89 773 770 0.79 0.78
205651992 89 762 760 0.32 2.20
205718556 89 728 567 0.03 -0.37
205786156 89 627 634 7.62 -4.63
205853752 89 762 760 0.30 1.10
205920312 89 772 770 -0.33 2.04
205987916 89 770 766 5.84 2.03
206054476 89 733 697 3.28 3.67
206121036 89 692 501 3.15 0.31
206187596 89 750 746 -1.07 -0.61
206256232 89 771 769 -1.91 -3.56
206324876 89 772 768 1.58 -1.01
206392472 89 751 742 0.45 0.98
206459036 89 831 343 -0.16 -0.48
206527676 89 714 717 3.27 -0.48
206595272 89 770 766 1.74 1.67
206661836 89 773 770 2.52 -0.13
206729432 89 763 760 1.99 5.39
206795996 89 728 565 4.08 0.62
206862552 89 622 649 6.82 1.22
206929112 89 763 761 -0.68 3.15
206996708 89 772 770 3.13 2.99
207115152 91 769 765 3.86 0.00
207173652 94 -15729 0 0.00 0.00
207257448 100 741 739 3.68 0.00
207334932 109 768 0 1.07 0.00
207412332 121 768 0 -0.65 0.00
207489700 131 726 0 -1.00 0.00
207567108 145 528 0 -0.83 0.00
207644496 158 758 0 2.54 0.00
207721896 160 770 0 5.22 0.00
207747404 160 762 0 3.19 -3.21
207810184 160 750 743 1.48 5.02
207929696 160 814 371 -0.03 0.00
208007200 175 -13107 -28836 0.00 0.00
208089176 180 -15729 -5243 0.00 0.00
208118192 180 28836 -15729 0.00 0.00
208190992 180 10486 -20972 0.00 1.86
208263792 180 -5243 579 0.00 -0.60
208334508 180 759 757 0.55 -2.99
208403148 180 772 770 -3.27 -0.68
208472832 180 769 765 3.11 1.31
208540432 180 728 679 4.07 -1.70
208609068 180 660 514 -1.12 -6.23
208678756 180 757 752 0.75 -3.42
208747392 180 772 770 2.27 0.53
208814996 180 770 766 2.22 3.54
208882596 180 740 714 4.03 -0.22
208951240 180 709 487 -2.44 6.28
209019872 180 753 746 -1.65 -4.76
209089564 180 772 769 1.38 4.24
209157164 180 771 768 1.29 1.57
209224760 180 748 732 1.57 0.85
209292364 180 842 431 0.92 -2.62
209361004 180 741 737 2.63 -1.41
209429644 180 771 769 0.44 -1.18
209498284 180 772 769 4.37 0.18
209565884 180 754 745 6.14 -0.09
209634524 180 815 338 0.33 2.29
209702112 180 731 730 -2.24 -2.90
209823712 180 771 768 -1.61 0.00
209849316 180 18350 26214 0.00 0.00
209920320 180 -23593 31457 0.00 0.00
209993112 180 -10486 -18350 0.00 -1.14
210067992 180 2621 753 0.00 -2.73
210137672 180 773 769 2.98 -5.54
210206320 180 772 768 2.33 0.38
210325796 179 750 737 3.05 0.00
210384320 180 15729 0 0.00 0.00
210417196 180 770 767 -2.18 -1.24
210486888 180 772 769 -1.28 1.32
210555528 180 772 768 -2.26 1.80
210624164 180 742 732 3.33 3.09
210691756 180 696 551 -3.41 -0.13
210761436 180 750 739 -4.39 4.42
210830084 180 772 769 -2.77 -0.68
210899772 180 771 768 -0.72 2.99
210968412 180 728 713 -4.06 3.42
211037056 180 645 531 0.46 -1.11
211105684 180 757 754 -4.17 -1.76
211175372 180 772 770 -4.27 6.04
211244012 180 767 763 -0.57 2.10
211312652 180 700 630 0.43 3.15
211380260 180 651 542 -0.79 0.17
211448900 180 765 761 -0.22 -2.91
211518580 180 773 770 -2.42 2.96
211587220 180 764 756 -0.21 6.31
211655852 180 823 462 -3.79 4.38
211724500 180 678 664 -2.41 -0.43
211794160 180 769 767 -0.04 -0.96
211863840 180 773 769 1.74 3.65
211931436 180 742 738 1.33 2.93
211999048 180 586 558 -2.82 2.88
212067684 180 745 736 -4.37 0.70
212136320 180 772 770 -2.40 2.64
212204968 180 772 767 -2.89 3.57
212273600 180 718 704 -3.02 4.24
212342240 180 647 550 -4.17 -0.54
212411928 180 758 755 -5.29 -2.28
212481608 180 772 770 1.65 6.86
212549204 180 768 762 0.27 1.95
212616808 180 728 604 -2.17 -0.26
212686484 180 667 571 0.19 2.82
212754084 180 766 761 -0.50 -0.92
212823756 180 773 770 -3.10 5.09
212892396 180 760 753 5.62 1.03
212960004 180 870 508 -0.75 4.60
213028640 180 707 677 -6.75 1.43
213097292 180 771 768 1.14 -1.42
213165928 180 773 768 1.13 2.79
213233532 180 733 728 -1.38 1.31
213302168 180 517 566 -0.13 0.39
213370804 180 749 748 -3.73 2.81
213439452 180 772 770 -2.53 8.06
213508088 180 770 764 3.61 2.37
213575700 180 697 638 0.26 1.98
213643300 180 687 542 0.27 -2.07
213711940 180 764 760 -0.20 -1.79
213781612 180 773 769 0.52 2.52
213849220 180 765 758 0.28 1.53
213916820 180 785 496 2.47 1.85
213984420 180 680 632 0.98 5.80
214052012 180 768 765 -0.48 -2.13
214121688 180 774 770 2.37 6.10
214189288 180 757 751 -2.56 5.58
214257928 180 881 462 1.56 6.68
214325524 180 719 697 -2.61 -1.71
214395208 180 771 768 0.14 -3.56
214463836 180 773 768 -3.64 1.96
214532480 180 733 732 -1.11 7.30
214601120 180 671 461 -1.05 0.57
214669760 180 750 743 0.90 0.16
214737368 180 772 770 -1.44 0.06
214806000 180 770 766 -0.11 4.02
214874640 180 704 677 -2.63 0.31
214943284 180 606 528 -5.02 -0.21
215012964 180 764 760 -1.23 -1.37
215082644 180 773 770 2.06 5.26
215150240 180 764 758 3.26 -0.55
215218888 180 796 468 -0.94 6.36
215287524 180 685 654 1.06 -0.96
215356164 180 768 766 -1.78 2.32
215424808 180 773 769 -1.92 2.09
215493452 180 752 746 2.25 4.17
215561052 180 838 419 -0.37 3.60
215629692 180 735 721 -3.25 1.32
215698324 180 771 769 1.66 1.96
215765924 180 772 767 0.06 3.21
215833532 180 718 704 -1.27 1.25
215902164 180 554 572 -2.44 0.77
215970808 180 757 754 0.06 -1.28
216039460 180 772 770 0.23 -1.87
216108100 180 768 763 2.43 1.99
216175700 180 713 594 1.72 4.65
216243300 180 653 576 -1.66 -0.31
216312980 180 767 763 1.59 -1.74
216381612 180 773 770 4.39 3.94
216449220 180 760 753 0.92 1.36
216516812 180 868 440 -0.78 7.49
216585444 180 708 696 1.82 1.28
216653048 180 770 767 -2.26 -3.92
216722716 180 773 769 -3.34 5.85
216791368 180 740 734 -0.58 8.58
216860000 180 502 591 3.75 0.61
216927604 180 752 749 -6.63 4.21
216996240 180 772 769 0.00 3.72
217063840 180 770 766 0.96 5.30
217131448 180 697 657 0.39 -2.27
217200080 180 633 564 0.43 0.77
217267688 180 764 759 -2.45 0.67
217336320 180 773 770 4.06 0.72
217403920 180 764 758 1.33 1.60
217471520 180 830 493 -1.11 3.87
217540168 180 680 668 0.45 4.57
217607768 180 769 768 -2.73 -0.89
217677448 180 773 769 -3.14 2.98
217746080 180 746 737 0.65 1.98
217813688 180 678 532 -0.80 2.85
217882316 180 743 735 -4.11 1.03
218002852 180 771 770 -5.13 0.00
218028456 180 31457 7864 0.00 0.00
218098420 180 5243 -5243 0.00 -1.25
218170188 180 2621 684 0.00 3.29
218238824 180 767 765 -2.71 -1.64
218308504 180 773 769 -2.13 4.58
218377148 180 753 744 1.41 -3.65
218445792 180 805 494 2.57 3.55
218513388 180 730 718 -0.79 0.30
218582036 180 771 770 -2.16 1.68
218650676 180 773 768 0.64 1.77
218718276 180 731 715 2.21 4.92
218785876 180 522 586 -2.33 -1.43
218855556 180 751 753 -5.15 -1.23
218925236 180 772 770 -2.87 6.77
218993876 180 768 763 2.25 1.07
219061468 180 711 593 0.59 4.04
219129064 180 641 604 -0.58 3.70
219197708 180 766 762 -1.19 -0.15
219267376 180 773 770 3.32 3.40
219334980 180 757 749 -0.35 -1.91
219404660 180 867 425 -0.31 -1.20
219474344 180 725 709 -4.40 2.86
219542984 180 771 769 -1.21 -1.89
219612660 180 772 768 0.72 -1.27
219681304 180 727 717 2.34 5.01
219748904 180 518 586 -0.81 -0.66
219818580 180 754 753 1.26 0.70
219886184 180 772 770 -0.68 1.28
219954824 180 769 765 1.74 0.66
220022424 180 709 609 0.30 -0.21
220091060 180 636 589 1.93 2.48
220158664 180 765 761 -4.30 -0.50
220280236 180 773 770 2.01 0.00
220305832 180 10486 -26214 0.00 0.00
220376840 180 23593 28836 0.00 3.78
220448604 180 -10486 751 0.00 -5.81
220520364 180 26214 771 0.00 1.05
220590048 180 26214 771 0.00 -0.64
220660772 180 -15729 716 0.00 1.11
220731492 180 18350 589 0.00 -1.69
220802212 180 -26214 763 0.00 0.34
220872928 180 -23593 773 0.00 2.13
220943640 180 18350 763 0.00 4.52
221013320 180 7864 872 0.00 2.59
221081960 180 -10486 720 0.00 -0.38
221153720 180 -15729 771 0.00 1.45
221224440 180 -20972 773 0.00 0.86
221295156 180 26214 728 0.00 2.00
221364836 180 -15729 545 0.00 -3.97
221436600 180 -13107 757 0.00 -3.57
221508360 180 -15729 772 0.00 -1.49
221580124 180 28836 766 0.00 1.29
221649804 180 20972 824 0.00 3.78
221719484 180 31457 687 0.00 0.51
221789164 180 0 770 0.00 -2.62
221855724 180 2621 773 0.00 -2.00
221977292 180 -20972 741 0.00 0.00
222004220 180 710 0 1.67 5.95
222069744 180 759 755 -2.79 2.67
222138388 180 772 770 -1.19 6.39
222207028 180 770 766 0.44 1.11
222274628 180 703 653 2.08 1.21
222342228 180 645 552 2.48 -3.39
222410868 180 762 757 -3.77 0.66
222479504 180 773 770 7.81 1.70
222547108 180 764 758 3.04 0.05
222614708 180 843 537 -1.31 3.21
222683344 180 681 663 2.03 3.13
222750948 180 769 766 0.65 0.30
222818540 180 773 769 0.14 2.75
222886144 180 752 745 -1.39 1.76
222954776 180 847 369 1.11 0.53
223022372 180 734 716 -0.54 0.33
223091012 180 771 769 1.67 -1.19
223159652 180 773 768 1.37 1.10
223227252 180 719 707 2.87 1.19
223294852 180 532 574 -2.57 4.76
223363492 180 755 756 -1.62 3.41
223432132 180 772 770 0.31 1.84
223499732 180 768 763 2.86 4.85
223567332 180 708 619 2.71 3.71
223634932 180 676 572 0.22 1.13
223702532 180 764 761 -0.43 -0.74
223772212 180 773 770 2.02 3.10
223839812 180 760 754 0.24 -2.37
223908452 180 885 544 0.60 8.06
223976052 180 706 690 1.77 1.01
224043652 180 770 767 -0.64 1.05
224112292 180 773 769 2.85 3.90
224179892 180 747 741 2.60 6.43
224247492 180 748 448 -1.70 0.11
224316132 180 742 730 -5.38 5.05
224384772 180 771 770 -1.66 -1.92
224454464 180 772 766 1.16 2.45
224522064 180 705 664 2.01 -2.16
224642612 180 598 550 5.97 0.00
224668204 180 31457 5243 0.00 0.00
224737148 180 0 -2621 0.00 1.29
224804748 180 31457 749 0.00 0.23
224874428 180 -5243 867 0.00 0.89
224944108 180 -18350 718 0.00 -1.57
225015876 180 23593 770 0.00 -2.72
225086596 180 15729 773 0.00 0.60
225156276 180 -20972 730 0.00 -0.01
225228024 180 -10486 559 0.00 -0.94
225299784 180 -10486 758 0.00 -1.41
225371544 180 10486 773 0.00 4.78
225441224 180 765 760 -0.71 2.89
225509864 180 792 525 1.37 9.86
225577464 180 669 658 3.00 0.22
225645064 180 768 766 -7.10 1.05
225713700 180 773 769 0.57 3.05
225781304 180 754 747 -2.51 6.78
225901832 180 784 400 1.17 0.00
225927432 180 26214 -2621 0.00 0.00
225997396 180 -31457 28836 0.00 1.12
226070196 180 26214 768 0.00 3.48
226191796 180 704 654 1.87 0.00
226217392 180 -23593 -15729 0.00 0.00
226341332 180 -13107 20972 0.00 -3.72
226371392 180 765 759 2.54 -1.48
226440032 180 708 694 0.48 -0.60
226560580 180 557 584 -0.11 0.00
226586172 180 -28836 0 0.03 0.00
226654080 180 770 13107 1.26 0.00
226723756 180 -18350 23593 0.00 2.29
226796564 180 18350 865 0.00 5.29
226866244 180 688 681 0.00 -0.41
226934884 180 769 767 3.07 -0.38
227003524 180 773 769 4.06 -1.32
227072164 180 744 740 -0.65 1.16
227140804 180 700 489 -0.11 6.56
227209440 180 744 737 -6.39 1.33
227278072 180 771 770 -3.86 2.30
227346712 180 771 767 1.41 3.99
227414312 180 710 692 -0.26 3.22
227482948 180 587 561 -2.14 1.00
227551592 180 762 759 -1.73 -0.95
227621272 180 773 769 -2.24 2.70
227689912 180 764 758 1.38 -0.53
227758552 180 824 502 -2.50 5.25
227827192 180 667 662 -1.25 1.92
227895832 180 770 767 -3.84 -1.65
227965512 180 773 769 0.40 3.63
228033108 180 748 740 -1.30 8.10
228101752 180 700 501 1.19 3.42
228221236 180 745 737 1.60 0.00
228246832 180 -13107 -23593 0.00 0.00
228318884 180 18350 20972 0.00 5.01
228390644 180 15729 853 0.00 1.13
228460324 180 655 613 1.21 2.53
228527936 180 769 766 1.16 0.90
228595536 180 773 769 5.65 0.44
228663136 180 754 746 -0.56 5.03
228731772 180 812 378 0.06 1.74
228799376 180 741 728 -1.17 -0.95
228869052 180 771 769 -3.11 -1.36
228938736 180 772 767 1.78 0.88
229006332 180 712 706 0.77 -1.02
229074976 180 540 589 2.47 1.24
229142580 180 758 755 0.90 -0.88
229211220 180 772 770 -0.28 1.97
229279860 180 768 762 -2.39 2.30
229400416 180 724 587 1.33 0.00
229426012 180 -10486 15729 0.00 0.00
229497044 180 -5243 -26214 0.00 -1.30
229570872 180 0 772 0.00 -1.57
229637428 180 738 727 -0.22 5.39
229706072 180 511 583 -0.13 1.42
229774712 180 747 751 -4.16 2.56
229843352 180 772 770 -2.56 6.63
229911992 180 770 766 -0.38 2.22
230032552 180 702 633 -0.06 0.00
230058148 180 23593 18350 0.00 0.00
230129168 180 5243 7864 0.00 -2.49
230199884 180 -10486 773 0.00 1.15
230270604 180 31457 751 0.00 -3.30
230341328 180 26214 694 0.00 1.06
230411008 180 -23593 745 0.00 1.48
230533636 180 -13107 772 0.00 0.00
230560572 180 725 0 -1.69 5.94
230627132 180 758 561 2.86 3.20
230694732 180 658 577 -2.14 1.67
230763380 180 767 763 -0.11 -2.43
230833052 180 773 770 -1.64 6.33
230901692 180 759 749 3.10 -0.64
230970332 180 862 379 -2.03 2.64
231038988 180 726 713 -0.40 0.18
231107616 180 771 769 1.01 -0.18
231228148 180 773 768 -1.96 0.00
231253748 180 23593 31457 0.00 0.00
231324772 180 -20972 -7864 0.00 0.00
231397580 180 13107 767 0.00 0.12
231467248 180 773 770 0.29 2.65
231534848 180 761 754 2.86 0.14
231602448 180 874 487 1.29 1.96
231670044 180 712 699 -2.30 3.47
231790616 180 770 768 -2.08 0.00
231816220 180 28836 28836 0.00 0.00
231887224 180 5243 -15729 0.00 -0.67
231960020 180 20972 631 0.00 1.24
232029700 180 23593 762 0.00 -5.22
232100420 180 18350 773 0.00 -0.76
232171140 180 -31457 764 0.00 0.71
232241864 180 -10486 881 0.00 -0.61
232313624 180 -15729 705 0.00 2.63
232384344 180 -5243 771 0.00 -1.17
232455072 180 23593 773 0.00 2.59
232524748 180 -28836 729 0.00 0.88
232647376 180 20972 480 0.00 0.00
232673272 180 770 0 -2.18 2.14
232739828 180 773 770 -1.14 6.46
232808472 180 766 759 -0.77 1.34
232877112 180 803 552 1.55 6.14
232944716 180 670 660 0.56 -0.22
233013352 180 769 767 -2.89 -0.86
233083036 180 773 769 -0.01 1.07
233151676 180 746 739 0.87 1.56
233219272 180 658 505 -2.40 1.69
233287908 180 746 741 -3.36 4.10
233356556 180 771 770 -3.49 4.12
233425180 180 772 767 0.00 1.35
233544696 180 709 689 4.71 0.00
233570300 180 -5243 5243 0.00 0.00
233639212 180 20972 31457 0.00 -5.42
233712012 180 -31457 773 0.00 3.51
233782732 180 758 751 3.93 -1.42
233851372 180 847 453 4.07 3.02
233918972 180 729 709 -1.45 -4.94
233988652 180 771 768 -1.53 -3.55
234058332 180 772 768 0.59 3.74
234125932 180 721 714 -0.40 0.86
234194572 180 538 573 -0.27 7.22
234263212 180 754 754 -3.71 4.16
234331852 180 772 770 -1.59 3.91
234400492 180 768 762 -0.70 0.58
234469132 180 706 588 -1.62 2.07
234537772 180 653 606 -0.32 1.10
234606424 180 768 764 -1.28 1.09
234675060 180 773 770 4.50 5.75
234742664 180 757 748 -2.24 2.87
234811300 180 839 434 0.80 -2.14
234879944 180 739 722 -3.45 0.47
235000492 180 771 769 -0.56 0.00
235026092 180 -20972 -26214 0.00 0.00
235151076 180 -5243 13107 0.00 5.11
235179052 180 755 753 -4.18 4.46
235247692 180 770 768 -2.05 -3.44
235317368 180 773 769 6.66 1.21
235384972 180 756 748 0.01 2.13
235452572 180 838 390 -0.11 0.92
235521208 180 723 711 0.07 -2.02
235589848 180 771 769 -1.31 2.13
235658484 180 773 768 -0.79 -1.69
235728156 180 725 718 -1.02 1.63
235796808 180 518 599 -2.29 3.09
235865436 180 756 754 -2.82 -0.90
235935116 180 772 770 3.10 3.99
236002716 180 768 763 0.42 2.64
236070316 180 711 591 1.52 3.62
236137916 180 668 606 -1.77 2.06
236206556 180 765 762 0.92 0.79
236274156 180 773 770 6.12 3.39
236341756 180 759 753 -2.40 3.62
236410396 180 877 485 2.82 1.78
236477996 180 710 700 1.79 -3.68
236546636 180 771 768 -0.53 -3.44
236616316 180 773 769 0.44 1.82
236683916 180 740 735 3.60 -0.15
236752556 180 643 559 0.27 2.12
236820156 180 750 746 -1.22 1.29
236888796 180 772 770 -1.86 4.24
236957436 180 771 766 -1.70 0.56
237026076 180 703 677 2.93 3.68
237093676 180 600 574 5.80 3.52
237161284 180 763 757 -4.36 -1.20
237230968 180 772 770 1.95 4.67
237298568 180 764 758 1.92 0.62
237366168 180 798 537 4.82 6.88
237433768 180 672 635 1.82 -0.56
237502408 180 768 766 -1.37 -0.78
237572084 180 773 769 5.55 2.29
237639692 180 751 743 -2.99 3.39
237708328 180 775 451 -0.62 4.26
237776972 180 740 725 -2.14 3.72
237845612 180 771 770 -1.47 -1.14
237915292 180 772 767 1.64 -0.09
237983932 180 707 690 0.84 4.66
238051532 180 591 558 1.03 -0.50
238120164 180 761 756 3.65 -3.71
238188808 180 772 770 1.63 2.59
238256404 180 766 761 0.58 2.88
238323996 180 731 585 1.16 1.84
238391596 180 682 602 -0.88 1.47
238460236 180 769 765 1.43 2.98
238527836 180 772 769 6.46 2.09
238595436 180 755 748 -0.03 4.95
238664076 180 885 393 0.53 3.17
238731676 180 727 709 -0.66 -3.22
238801356 180 770 769 -0.97 -3.07
238871036 180 773 768 3.30 2.23
238938636 180 715 705 1.52 -3.90
239007276 180 524 577 -1.04 4.81
239075916 180 760 757 -1.01 1.80
239144556 180 772 770 -1.92 6.38
239213196 180 767 762 -1.00 -1.54
239282876 180 731 563 5.43 3.03
239350476 180 670 633 -1.24 4.88
239419116 180 768 765 -2.88 1.98
239487756 180 773 769 6.47 5.54
239607252 180 753 744 -2.57 0.00
239632856 180 23593 0 0.00 0.00
239699704 180 18350 -2621 0.00 -1.97
239772504 180 -15729 772 0.00 3.94
239843228 180 770 765 -2.65 3.29
239911868 180 695 646 3.79 2.82
240031348 180 656 582 3.15 0.00
240056940 180 7864 -10486 0.00 0.00
240126924 180 5243 23593 0.00 -1.11
240198692 180 5243 734 0.00 1.16
240267332 180 15729 805 0.00 0.97
240337012 180 -15729 742 0.00 -4.11
240408772 180 20972 771 0.00 -3.01
240479484 180 -2621 771 0.00 -2.57
240550200 180 -20972 694 0.00 2.12
240620920 180 -23593 628 0.00 0.89
240691636 180 -31457 767 0.00 -3.62
240815312 180 -18350 773 0.00 0.00
240842248 180 530 0 -0.45 4.01
240908808 180 699 422 -1.08 3.54
240977444 180 745 733 -3.34 4.91
241046084 180 771 771 -3.27 4.47
241114724 180 772 767 -2.90 0.18
241183368 180 698 676 1.32 -0.89
241252008 180 577 554 -0.65 2.44
241320648 180 762 758 -1.20 -0.89
241390328 180 773 770 2.56 4.64
241457928 180 764 758 3.04 -2.37
241526568 180 834 510 -0.67 5.74
241595216 180 676 659 2.48 -3.84
241663852 180 768 766 -0.34 -4.08
241733528 180 773 769 0.01 -0.02
241802176 180 748 741 2.38 -1.79
241870812 180 760 458 1.57 0.11
241938412 180 745 730 -5.31 1.84
242007056 180 771 770 0.64 0.09
242074660 180 771 767 2.88 0.95
242142260 180 707 695 1.61 1.83
242209860 180 556 576 -1.06 2.38
242278500 180 759 757 0.12 -2.09
242347140 180 772 770 4.18 5.11
242414740 180 766 762 2.45 4.33
242482340 180 747 570 1.65 -0.24
242550980 180 647 607 -0.36 -0.42
242620652 180 767 764 -0.32 -1.63
242690328 180 773 769 0.28 5.54
242757928 180 754 746 -1.49 6.36
242826564 180 839 390 1.89 0.64
242894168 180 733 718 0.87 -1.25
242962808 180 771 769 -2.10 -1.74
243032484 180 772 767 2.38 0.76
243100088 180 715 699 -0.65 3.50
243168728 180 555 580 -0.84 3.13
243237364 180 758 757 0.83 2.62
243304968 180 772 770 2.09 1.54
243372568 180 768 763 0.37 3.43
243440164 180 727 570 -0.67 5.33
243508808 180 638 597 0.64 3.20
243576404 180 768 764 0.24 -0.35
243645044 180 773 769 0.46 4.86
243712648 180 754 746 2.70 2.34
243832152 180 834 432 3.51 0.00
243857752 180 28836 20972 0.00 0.00
243927720 180 -10486 -26214 0.00 2.01
244001560 180 -15729 766 0.00 -0.24
244073324 180 691 612 -0.67 8.78
244141964 180 663 591 2.72 1.52
244209560 180 768 764 -0.89 1.01
244278204 180 773 769 5.51 1.01
244345804 180 755 748 -0.73 3.59
244414440 180 875 345 2.18 2.30
244482040 180 726 711 -0.33 0.53
244550692 180 771 769 -0.17 -2.97
244620372 180 772 768 0.94 -0.49
244689012 180 726 716 -2.52 -0.26
244810600 180 530 567 -4.75 0.00
244836200 180 31457 28836 0.00 0.00
244907212 180 -20972 20972 0.00 0.50
244979996 180 -26214 753 0.00 6.44
245050716 180 859 369 -0.27 1.81
245119356 180 728 715 -1.19 0.31
245187996 180 771 769 -4.34 -0.37
245257676 180 772 768 1.45 3.19
245325276 180 712 700 -0.40 -0.15
245394956 180 567 584 -0.67 3.43
245463596 180 759 757 -2.49 -2.44
245533276 180 772 770 -1.17 2.94
245601916 180 766 761 0.00 1.14
245669516 180 741 566 -0.22 4.12
245738156 180 679 588 0.92 2.45
245805756 180 768 764 0.41 1.69
245873356 180 773 769 0.07 5.11
245940956 180 755 746 2.43 1.04
246008556 180 865 415 0.19 2.34
246128052 180 730 710 0.07 0.00
246153640 180 23593 10486 0.00 0.00
246223624 180 -5243 -10486 0.00 -0.65
246297468 180 -31457 731 0.00 2.60
246368192 180 613 553 -0.92 0.44
246436828 180 766 762 -2.56 -1.84
246506516 180 773 770 2.32 2.65
246574116 180 759 750 0.54 1.34
246641712 180 857 472 0.72 6.17
246709316 180 716 701 -0.71 -1.13
246778996 180 771 769 0.66 0.58
246846596 180 772 768 3.62 2.50
246914196 180 728 722 5.55 1.53
246981796 180 545 572 0.00 -0.17
247050436 180 754 756 -3.88 -3.28
247120104 180 772 769 -1.62 5.72
247188752 180 767 762 3.01 -0.15
247257384 180 741 564 0.48 5.93
247324984 180 663 602 0.64 3.12
247392580 180 768 765 0.39 1.45
247460184 180 773 769 9.59 4.89
247527780 180 756 749 -4.83 3.41
247596424 180 849 443 -1.87 -1.15
247666104 180 732 713 3.96 0.85
247733700 180 771 769 -5.30 -3.61
247803380 180 772 767 -0.56 1.25
247872020 180 716 710 -0.76 1.14
247940660 180 538 575 -1.92 3.21
248009304 180 757 757 -0.72 -0.04
248078984 180 772 771 -2.51 3.67
248147624 180 765 760 1.48 3.58
248215220 180 821 496 1.55 5.14
248282820 180 672 660 -0.24 0.45
248351460 180 769 767 -1.64 -1.60
248421144 180 773 769 1.54 3.09
248488744 180 747 741 -0.59 2.79
248557384 180 684 543 -1.52 1.48
248626024 180 745 742 -5.90 3.97
248694668 180 772 770 1.27 2.83
248762268 180 771 766 -0.53 3.00
248830908 180 708 675 -2.16 5.59
248899548 180 610 548 -0.45 -3.81
248969232 180 764 760 -3.56 1.42
249089756 180 773 770 -0.45 0.00
249115348 180 -5243 23593 0.00 0.00
249186372 180 13107 13107 0.00 1.58
249258132 180 31457 750 0.00 -2.97
249328852 180 -5243 771 0.00 -2.96
249399568 180 -7864 771 0.00 -0.27
249470288 180 -26214 705 0.00 0.53
249541000 180 31457 627 0.00 4.30
249610680 180 5243 767 0.00 -1.61
249680360 180 -10486 773 0.00 -0.22
249752116 180 -5243 756 0.00 -2.20
249822840 180 -23593 790 0.00 0.10
249893560 180 -15729 747 0.00 -6.64
249965320 180 -28836 771 0.00 -2.69
250037088 180 -31457 770 0.00 2.88
250107800 180 704 614 1.07 4.87
250175404 180 650 589 0.06 3.01
250243004 180 768 764 -3.49 2.21
250311644 180 772 770 7.06 3.54
250379244 180 759 750 -0.60 3.59
250447892 180 883 398 2.59 8.62
250515492 180 721 706 0.57 -2.34
250584132 180 771 769 -1.37 -4.15
250653812 180 772 768 4.81 0.10
250721412 180 724 717 2.49 -2.54
250790052 180 544 571 -3.31 4.46
250858692 180 756 756 -3.33 -2.33
250980280 180 772 770 -2.89 0.00
251005884 180 -5243 20972 0.00 0.00
251076884 180 -5243 -26214 0.00 -0.91
251150724 180 -5243 735 0.00 -3.41
251221448 180 771 769 -3.17 -4.29
251291128 180 773 768 0.69 -0.90
251359768 180 719 709 1.08 2.78
251427368 180 547 585 -0.59 2.20
251496008 180 758 757 -7.85 3.32
251564644 180 772 770 0.10 2.46
251632244 180 765 760 2.17 0.50
251699848 180 773 537 3.00 3.60
251767444 180 655 625 2.48 1.80
251835040 180 769 767 -1.07 0.53
251903688 180 773 769 8.65 2.94
251971288 180 750 741 -0.50 7.58
252039928 180 729 437 0.91 0.01
252107528 180 746 740 -4.65 5.25
252176164 180 771 770 0.11 1.78
252243772 180 771 766 1.16 3.45
252311372 180 701 675 2.14 1.73
252378968 180 598 549 1.00 -3.22
252447612 180 763 760 -5.60 0.52
252516248 180 772 770 0.01 5.84
252583852 180 762 756 4.97 1.26
252703356 174 892 471 0.32 0.00
252780860 170 -18350 26214 0.00 0.00
252861748 167 18350 2621 0.00 5.61
252940568 164 5243 723 0.00 2.49
253018124 159 585 552 -2.90 0.00
253095588 149 764 0 1.92 0.00
253172996 143 769 0 3.43 0.00
253250380 144 721 0 -0.72 0.00
253327764 143 560 0 -1.35 0.00
253353276 143 762 0 -1.55 1.40
253417096 143 771 769 -0.74 -4.56
253486776 143 773 768 -0.44 5.55
253607324 138 734 726 -0.98 0.00
253684836 132 -31457 7864 0.00 0.00
253764724 127 -31457 -26214 0.00 -1.27
253847736 126 -20972 766 0.00 0.23
253874664 126 889 439 -1.18 3.44
253943304 126 608 548 -4.48 -1.35
254012984 126 751 754 3.18 -4.01
254133516 122 772 770 -1.25 0.00
254211032 116 18350 7864 0.00 0.00
254289888 113 -13107 -31457 0.00 0.00
254319924 113 -2621 28836 0.00 0.00
254391684 113 7864 0 0.00 0.33
254458244 113 7864 767 0.00 -1.90
254579848 109 28836 702 0.00 0.00
254657656 102 758 0 -2.31 0.00
254735044 101 770 0 3.62 0.00
254760556 101 752 0 2.92 2.70
254822296 101 723 708 1.85 4.68
254941800 99 669 412 4.39 0.00
255019252 94 -15729 28836 0.00 0.00
255099128 92 5243 5243 0.00 0.00
255124744 92 2621 10486 0.00 0.00
255193664 92 -5243 -2621 0.00 -4.64
255317308 88 31457 705 0.00 0.00
255394848 83 770 0 -3.07 0.00
255472188 82 761 0 -2.08 0.00
255497644 82 499 0 2.27 3.30
255610292 79 820 398 0.47 0.00
255687748 71 -5243 31457 0.00 0.00
255766596 70 20972 -15729 0.00 0.00
255794560 70 -31457 -13107 0.00 0.00
255867360 70 0 -20972 0.00 0.54
255986872 64 -2621 623 0.00 0.00
256064368 58 768 0 -1.29 0.00
256089828 58 769 0 3.68 -0.36
256151628 58 770 766 2.42 2.91
256270088 52 751 741 2.35 0.00
256347508 48 23593 20972 0.00 0.00
256426332 47 13107 7864 0.00 0.00
256452212 47 -13107 -15729 0.00 0.00
256525016 47 -7864 26214 0.00 0.64
256647640 40 -2621 768 0.00 0.00
256725132 38 490 0 4.00 0.00
256750580 38 669 0 2.60 0.40
256810312 38 728 728 -0.79 0.02
256929832 35 765 763 0.88 0.00
257007244 32 -10486 20972 0.00 0.00
257087124 30 -13107 -31457 0.00 0.00
257168040 30 7864 0 0.00 0.01
257193532 30 5243 723 0.00 -5.02
257258412 30 -20972 675 0.00 0.45
257328092 30 -5243 698 0.00 -0.18
257449668 28 18350 806 0.00 0.00
257527196 25 739 0 4.95 0.00
257552660 25 765 0 1.70 6.87
257664260 24 769 767 3.84 0.00
257741688 23 26214 13107 0.00 0.00
257820536 21 2621 2621 0.00 0.00
257898048 19 20972 -15729 0.00 0.00
257926016 19 13107 -20972 0.00 0.00
258049680 18 26214 0 0.00 8.12
258075228 18 766 765 -0.44 7.70
258191956 17 764 764 -0.88 0.00
258217508 17 -13107 7864 0.00 0.00
258338380 16 5243 13107 0.00 7.08
258416176 14 747 743 7.24 0.00
258493624 12 727 0 8.19 0.00
258570964 10 695 0 9.74 0.00
258648324 7 643 0 8.93 0.00
258725632 2 613 0 8.96 0.00
258802952 0 602 0 8.64 0.00
258828368 0 585 0 2.02 8.54
258886036 0 820 592 1.00 8.16
258951560 0 761 629 -0.46 7.80
259018116 0 699 682 -0.20 6.39
259084680 0 703 723 -0.34 7.24
259151236 0 734 743 -0.66 7.18
259217796 0 752 756 -1.13 8.60
259284356 0 762 763 -0.45 8.25
259350916 0 768 766 0.67 7.86
259416436 0 770 768 0.32 7.87
259481956 0 770 769 -0.77 7.70
259548516 0 772 770 -1.37 7.40
259615076 0 772 769 -2.09 8.20
259681640 0 772 769 0.36 8.08
259747156 0 772 769 0.81 8.76
259812676 0 771 768 0.51 8.58
259878192 0 769 767 0.03 8.64
259943716 0 766 765 0.00 8.51
260009240 0 764 763 -0.45 7.74
260075800 0 761 759 -0.49 8.13
260142360 0 756 754 -0.40 7.43
260208920 0 752 747 -0.13 7.92
260275480 0 743 736 -0.55 8.31
260342040 0 737 717 -0.02 8.23
260408600 0 729 688 0.49 8.07
260474132 0 726 656 0.28 7.95
260539644 0 744 657 0.21 7.32
260605160 0 778 613 0.44 7.39
260670688 0 817 595 -0.58 7.84
260737248 0 806 589 0.17 7.42
260802764 0 761 634 1.60 8.46
260868288 0 725 684 1.09 8.50
260933808 0 731 723 1.91 9.38
260999328 0 745 744 1.90 9.73
261064844 0 756 756 1.39 9.81
261130368 0 762 762 1.65 9.36
261195884 0 769 766 -0.15 7.85
261262448 0 769 769 0.22 6.74
261327968 0 771 769 -0.79 7.58
261394528 0 772 770 -1.14 7.04
261461088 0 772 769 -0.80 9.77
261527648 0 772 770 -0.60 6.82
261594208 0 772 769 -0.11 8.84
261660768 0 771 769 -0.40 8.54
261727328 0 769 767 -0.53 8.03
261793888 0 766 765 -0.57 7.99
261860448 0 763 763 -1.01 7.47
261927008 0 761 760 -0.47 8.59
261993568 0 757 754 0.89 8.60
262110992 1 752 747 1.53 0.00
262188392 2 10486 0 0.00 0.00
262213876 2 5243 13107 0.00 0.00
262278768 2 -13107 10486 0.00 -0.27
262350528 2 31457 730 0.00 -0.85
262419164 2 5243 758 0.00 -0.11
262538652 1 23593 786 0.00 0.00
262616120 0 593 0 7.27 0.00
262641528 0 636 0 -0.96 7.43
262700260 0 744 644 -0.34 7.99
262766820 0 736 657 0.27 8.39
262832340 0 730 658 0.31 8.25
262897860 0 731 657 -0.17 8.10
262964420 0 721 659 -0.19 8.28
263030980 0 710 657 0.04 8.42
263096500 0 722 656 0.42 8.46
263162020 0 726 654 0.46 8.40
263227540 0 719 654 0.58 8.41
263293060 0 721 657 0.35 8.37
263358580 0 713 656 0.01 8.15
263424100 0 704 659 -0.30 8.02
263490660 0 696 661 -0.62 7.97
263557220 0 694 660 -0.67 7.90
263623780 0 697 660 -0.59 7.96
263690340 0 698 660 -0.28 8.09
263756900 0 705 659 -0.10 8.18
263823460 0 707 657 0.07 8.25
263888980 0 707 658 0.16 8.30
263954500 0 706 658 0.12 8.31
264020020 0 705 658 0.00 8.26
264085540 0 704 659 -0.02 8.27
264152100 0 707 658 0.09 8.30
264217620 0 711 657 0.25 8.32
264283140 0 711 658 0.33 8.32
264348652 0 709 657 0.36 8.37
264414176 0 709 658 0.20 8.30
264479692 0 702 658 -0.07 8.18
264546256 0 698 660 -0.27 8.15
264612812 0 697 660 -0.49 8.02
264679376 0 697 660 -0.54 7.99
264745932 0 699 661 -0.39 8.04
264812492 0 702 659 -0.22 8.10
264879052 0 705 658 -0.01 8.20
264945612 0 707 658 0.11 8.25
265011132 0 707 658 0.13 8.28
265076652 0 706 658 0.07 8.30
265142176 0 705 659 -0.01 8.31
265208732 0 705 658 -0.06 8.29
265275296 0 706 658 0.05 8.32
265340812 0 710 658 0.18 8.29
265406336 0 709 658 0.24 8.26
265471852 0 708 658 0.25 8.29
265537372 0 707 658 0.12 8.24
265602892 0 703 659 -0.06 8.16
265669456 0 701 660 -0.22 8.13
265736016 0 699 660 -0.37 8.07
265802572 0 700 660 -0.38 8.07
265869132 0 700 659 -0.30 8.13
265935692 0 703 659 -0.15 8.16
266002256 0 705 659 0.01 8.22
266067776 0 706 658 0.09 8.24
266133284 0 707 658 0.11 8.25
266198804 0 705 658 0.06 8.30
266264324 0 705 658 0.03 8.27
266329844 0 706 659 0.00 8.27
266395368 0 706 658 0.06 8.33
266460884 0 707 658 0.10 8.30
266526404 0 707 658 0.12 8.27
266591924 0 706 659 0.07 8.24
266657448 0 705 659 -0.02 8.19
266724008 0 702 659 -0.12 8.12
266790564 0 701 660 -0.22 8.11
266857124 0 701 659 -0.25 8.06
266923684 0 701 659 -0.23 8.09
266990248 0 702 659 -0.12 8.17
267056804 0 704 658 -0.03 8.18
267123368 0 705 658 0.02 8.25
267188884 0 706 658 0.07 8.29
267254404 0 705 658 0.05 8.28
267319924 0 706 658 0.03 8.27
267385444 0 706 658 0.03 8.28
267450964 0 706 658 0.06 8.26
267516484 0 706 658 0.08 8.25
267582008 0 706 658 0.06 8.24
267647528 0 705 659 0.04 8.25
267713048 0 704 658 -0.04 8.24
267779608 0 703 659 -0.11 8.18
267846168 0 702 659 -0.21 8.12
267912724 0 702 659 -0.21 8.13
267979288 0 703 659 -0.18 8.11
268045844 0 704 659 -0.11 8.15
268112408 0 705 659 -0.05 8.17
268178968 0 706 658 0.04 8.22
268244488 0 706 658 0.08 8.25
268310008 0 706 658 0.06 8.27
268375528 0 705 658 0.04 8.29
268441044 0 706 658 0.04 8.29
268506568 0 706 659 0.04 8.30
268572084 0 706 658 0.04 8.26
268637608 0 706 658 0.04 8.25
268703124 0 705 659 0.01 8.22
268768644 0 704 659 -0.03 8.17
268835204 0 703 659 -0.11 8.17
268901764 0 703 660 -0.16 8.16
268968328 0 702 659 -0.20 8.14
269034884 0 703 659 -0.18 8.15
269101444 0 705 659 -0.12 8.16
269168008 0 705 659 -0.09 8.19
269234564 0 705 659 0.00 8.24
269300084 0 706 659 0.05 8.24
269365604 0 707 658 0.09 8.25
269431124 0 707 658 0.11 8.27
269496644 0 707 658 0.12 8.25
269562164 0 707 658 0.09 8.29
269627684 0 705 658 0.08 8.28
269693208 0 706 658 0.04 8.26
269758736 0 705 658 0.01 8.22
269824260 0 704 659 -0.03 8.21
269890816 0 704 659 -0.14 8.17
269957380 0 703 659 -0.16 8.14
270023936 0 703 659 -0.19 8.12
270090500 0 703 659 -0.17 8.14
270157060 0 703 659 -0.12 8.16
270223616 0 704 659 -0.08 8.20
270290176 0 705 659 -0.03 8.21
270356740 0 705 658 0.00 8.24
270422252 0 706 658 0.02 8.26
270487780 0 706 658 0.07 8.27
270553300 0 707 658 0.08 8.28
270618820 0 707 658 0.10 8.27
270684336 0 707 658 0.10 8.25
270749860 0 707 658 0.09 8.25
270815380 0 706 659 0.05 8.23
270880900 0 705 659 -0.04 8.21
270947456 0 704 659 -0.11 8.14
271014020 0 703 659 -0.15 8.19
271080580 0 703 659 -0.17 8.14
271147140 0 703 659 -0.15 8.15
271213700 0 704 659 -0.12 8.18
271280260 0 704 659 -0.08 8.17
271346820 0 705 659 -0.05 8.18
271413380 0 705 659 -0.01 8.19
271479940 0 706 658 0.00 8.22
271545460 0 706 658 0.02 8.27
271610980 0 706 658 0.06 8.29
271676500 0 706 658 0.08 8.29
271742020 0 707 658 0.10 8.28
271807540 0 707 658 0.06 8.26
271873056 0 706 657 0.05 8.24
271938580 0 704 659 -0.01 8.20
272005140 0 704 659 -0.06 8.17
272071700 0 704 659 -0.08 8.14
272138260 0 704 659 -0.13 8.15
272204820 0 704 659 -0.14 8.18
272271380 0 705 659 -0.10 8.20
272337940 0 705 659 -0.06 8.21
272404500 0 705 659 -0.05 8.20
272471060 0 705 658 -0.01 8.23
272537620 0 706 658 0.00 8.24
272603132 0 706 658 0.01 8.25
272668652 0 706 658 0.00 8.25
272734172 0 707 658 0.05 8.26
272799692 0 707 658 0.06 8.26
272865216 0 706 658 0.06 8.26
272930732 0 706 659 0.00 8.23
272996256 0 705 659 -0.02 8.21
273062812 0 705 660 -0.08 8.19
273129376 0 705 659 -0.09 8.19
273195932 0 705 659 -0.10 8.18
273262492 0 705 659 -0.08 8.15
273329056 0 705 659 -0.06 8.18
273395612 0 705 659 -0.05 8.19
273462172 0 705 658 -0.01 8.20
273528732 0 705 659 -0.03 8.23
273595292 0 705 658 0.00 8.27
273660812 0 706 658 0.00 8.25
273726336 0 707 658 0.00 8.27
273791852 0 706 658 0.04 8.25
273857368 0 706 658 0.06 8.25
273922892 0 706 658 0.02 8.23
273988412 0 705 659 0.00 8.22
274053924 0 705 659 -0.05 8.21
274120484 0 704 659 -0.11 8.18
274187044 0 704 659 -0.09 8.16
274253604 0 704 659 -0.09 8.17
274320164 0 705 659 -0.09 8.18
274386724 0 705 660 -0.07 8.19
274453284 0 706 659 -0.02 8.21
