grams
833.68
833.63
833.58
833.60
833.68
833.72
833.69
833.63
833.58
833.65
833.76
833.78
833.72
833.62
833.58
833.63
833.68
833.71
833.69
833.64
833.62
833.63
833.63
833.60
833.59
833.63
833.70
833.73
833.70
833.68
833.67
833.73
833.76
833.72
833.66
833.61
833.61
833.66
833.69
833.69
833.68
833.63
833.60
833.60
833.60
833.56
833.52
833.49
833.48
833.44
833.41
833.40
833.40
833.41
833.40
833.37
833.34
833.30
833.29
833.32
833.35
833.32
833.27
833.26
833.27
833.28
833.29
833.31
833.31
833.33
833.34
833.34
833.32
833.30
833.32
833.35
833.36
833.34
833.31
833.34
833.35
833.38
833.40
833.37
833.34
833.32
833.31
833.29
833.29
833.29
833.28
833.30
833.29
833.28
833.27
833.24
833.25
833.23
833.20
833.18
833.15
833.19
833.24
833.27
833.27
833.27
833.26
833.24
833.26
833.27
833.27
833.24
833.24
833.25
833.23
833.24
833.26
833.27
833.30
833.27
833.25
833.21
833.19
833.19
833.19
833.19
833.16
833.16
833.16
833.19
833.22
833.25
833.25
833.24
833.24
833.23
833.19
833.18
833.20
833.26
833.30
833.31
833.33
833.37
833.42
833.44
833.44
833.44
833.42
833.40
833.37
833.36
833.36
833.36
833.35
833.37
833.36
833.34
833.33
833.31
833.31
833.32
833.29
833.25
833.22
833.19
833.19
833.17
833.18
833.20
833.19
833.21
833.26
833.27
833.27
833.28
833.27
833.24
833.21
833.20
833.19
833.19
833.20
833.20
833.21
833.24
833.26
833.26
833.27
833.27
833.25
833.23
833.21
833.22
833.22
833.23
833.25
833.25
833.23
833.21
833.21
833.24
833.27
833.29
833.29
833.30
833.30
833.30
833.31
833.33
833.36
833.36
833.35
833.36
833.35
833.36
833.41
833.44
833.44
833.43
833.41
833.41
833.43
833.43
833.44
833.45
833.45
833.45
833.44
833.43
833.47
833.51
833.54
833.53
833.50
833.46
833.47
833.45
833.44
833.44
833.42
833.40
833.39
833.39
833.39
833.36
833.35
833.33
833.32
833.31
833.31
833.31
833.35
833.35
833.35
833.37
833.39
833.40
833.42
833.43
833.44
833.45
833.45
833.49
833.55
834.80
834.78
834.03
830.02
831.31
833.59
843.48
835.43
823.33
825.62
835.74
838.78
826.00
822.50
826.60
834.99
830.25
815.76
818.95
832.13
834.26
826.37
825.26
829.07
815.69
809.16
821.68
832.99
822.78
801.73
813.30
830.89
830.15
805.50
801.92
830.01
832.57
804.19
792.77
821.24
832.18
810.28
796.62
818.45
831.45
815.45
795.23
811.20
825.29
817.37
797.82
805.43
826.28
822.64
802.75
802.76
824.88
825.89
805.71
796.13
817.22
826.14
811.59
795.60
811.96
827.45
818.32
795.90
804.23
825.17
819.94
797.02
797.15
821.82
824.24
803.75
795.04
818.70
827.24
809.24
792.65
811.08
826.57
815.77
794.92
805.73
826.84
821.57
799.33
801.47
824.65
824.41
803.49
796.59
819.68
826.52
810.39
796.46
814.52
827.96
816.71
796.22
806.85
826.24
820.06
798.34
800.82
823.33
823.64
804.18
797.11
819.36
825.94
808.58
793.80
812.70
826.63
815.19
794.95
806.63
827.19
820.79
796.39
801.09
825.87
824.64
800.10
795.45
822.71
828.48
805.40
792.85
817.11
829.54
811.62
791.49
810.36
830.40
817.73
793.23
805.05
828.31
822.39
797.74
799.89
825.22
824.68
802.16
796.21
820.55
826.97
808.60
794.08
814.95
827.87
814.06
794.01
807.99
826.80
819.70
797.19
801.61
824.83
823.08
801.67
796.77
820.02
824.92
807.35
794.04
814.51
826.24
813.11
794.25
808.45
826.15
818.73
796.28
801.45
824.51
822.41
801.03
796.91
820.76
826.14
807.55
794.08
815.87
828.04
813.53
793.92
809.78
828.24
819.40
796.66
803.76
827.22
823.85
801.52
798.83
822.86
826.91
807.43
795.58
817.73
828.36
813.71
795.39
811.75
828.61
819.21
797.31
805.06
827.09
823.14
801.72
800.03
823.37
826.87
807.78
796.38
818.38
828.47
812.64
794.36
813.23
830.13
818.53
795.46
806.90
830.11
823.54
798.54
800.36
826.12
827.65
804.47
795.34
821.31
830.07
810.53
794.09
814.23
828.09
815.30
794.33
807.87
827.89
819.92
797.03
802.84
825.79
823.90
801.96
797.57
821.68
826.55
807.96
794.95
816.01
828.39
814.92
794.86
809.79
828.73
819.71
796.78
803.44
826.23
824.00
801.43
798.29
823.25
826.81
806.26
794.49
816.99
828.06
812.33
793.49
810.50
828.08
817.45
794.90
803.90
826.56
822.10
798.42
798.43
823.11
824.73
804.02
795.22
818.55
827.64
810.52
793.71
812.56
828.10
816.07
794.91
806.12
827.19
821.49
798.69
800.02
823.99
824.40
803.25
795.61
818.31
825.76
809.14
794.06
812.07
825.76
814.52
794.72
805.42
825.26
819.56
798.30
800.00
823.21
823.64
804.47
797.35
819.59
827.10
811.72
796.05
813.77
828.57
817.98
797.57
807.30
827.48
822.64
801.40
801.09
824.20
825.50
806.65
797.27
818.53
826.88
812.82
795.91
812.16
827.51
817.98
797.53
805.62
826.26
822.64
801.85
800.38
823.65
826.14
808.19
797.61
818.56
828.30
814.86
796.78
811.63
828.40
820.18
799.57
805.78
827.05
824.84
804.43
800.79
823.76
827.53
809.87
797.44
817.56
828.53
815.31
796.54
810.70
828.73
820.12
796.35
803.47
827.17
823.82
799.56
797.19
823.40
826.79
805.07
793.03
816.45
828.50
810.30
791.23
811.12
829.57
816.08
792.53
805.46
827.79
820.90
796.63
799.18
823.97
823.94
801.94
794.62
819.04
826.81
808.12
793.31
813.09
825.69
812.65
793.19
806.41
825.46
818.39
796.42
800.59
823.72
822.62
801.53
795.27
818.21
824.10
808.47
794.08
812.39
825.66
814.96
795.81
806.97
824.89
819.46
799.38
800.81
822.70
823.07
805.23
797.51
818.84
825.92
811.68
795.56
812.04
826.88
817.47
796.83
805.54
825.92
822.35
801.59
799.89
823.00
825.34
807.03
795.93
817.35
826.92
813.94
796.53
810.74
827.55
819.26
798.69
804.67
825.53
823.45
803.73
799.52
822.33
826.78
809.89
797.47
817.58
828.92
815.25
795.74
812.17
831.54
820.73
795.30
805.21
831.19
825.73
797.10
797.93
827.81
828.76
799.40
791.68
822.55
831.90
803.84
788.64
818.33
832.50
806.97
786.32
812.49
831.87
810.92
786.78
810.58
833.67
815.28
788.25
806.92
833.58
819.86
789.31
801.97
831.67
822.94
791.29
798.42
830.54
826.46
793.88
794.31
827.35
828.39
796.30
791.21
824.48
831.08
800.85
789.43
821.00
832.26
804.18
787.05
815.59
832.07
808.04
786.57
811.59
832.10
811.46
787.13
809.39
833.03
815.84
787.66
805.01
832.40
819.90
789.20
800.87
831.55
824.23
791.73
796.56
828.81
826.61
794.57
793.76
826.56
829.46
798.65
791.22
823.73
831.19
801.44
788.25
818.87
832.15
804.44
786.61
816.06
832.48
805.54
784.34
811.30
831.28
806.10
782.22
809.03
832.49
807.75
782.01
806.70
832.92
809.81
781.20
803.95
832.00
809.47
780.60
803.17
831.90
810.43
780.91
802.35
831.71
810.53
780.29
800.84
830.69
810.98
780.18
800.39
831.08
810.53
779.12
800.94
830.72
806.03
777.34
802.24
827.01
799.11
778.55
804.72
822.54
793.95
782.15
809.13
817.57
789.58
785.91
808.76
811.18
786.62
790.29
811.11
805.47
784.51
795.06
812.30
797.74
785.59
801.40
809.20
790.64
787.70
805.71
804.93
786.58
792.20
808.11
800.18
785.58
796.90
810.61
794.90
786.43
802.78
809.51
788.62
789.13
809.33
804.50
784.32
794.21
811.58
797.40
784.67
801.33
811.67
791.51
788.11
804.99
805.78
787.46
791.79
807.34
800.35
785.77
796.70
809.04
794.43
787.96
803.01
806.50
790.42
791.89
805.84
801.97
788.13
796.33
807.86
796.53
789.23
801.12
805.27
792.04
792.67
804.02
801.94
790.79
796.50
806.44
797.31
789.60
800.38
805.38
792.53
791.88
804.27
802.22
790.14
795.66
806.07
797.06
788.61
800.00
805.70
791.56
790.05
804.57
803.04
788.56
793.54
806.88
797.92
786.01
798.59
808.28
792.02
788.08
805.24
805.73
787.53
792.01
807.95
799.97
786.10
797.68
809.46
794.13
788.32
803.56
806.39
790.30
791.38
806.26
801.81
786.31
795.01
808.01
796.09
787.27
801.45
807.66
790.32
789.80
804.27
802.16
787.01
794.15
808.65
797.54
787.71
800.17
807.22
792.69
789.26
804.55
804.75
788.46
793.37
806.22
799.21
788.35
799.54
808.21
793.38
789.21
803.30
805.80
789.22
792.74
808.35
802.08
789.09
798.83
809.70
797.02
790.05
805.65
810.25
792.02
793.70
810.45
805.42
790.69
799.72
810.01
799.18
791.77
803.60
809.22
794.42
793.51
807.60
805.51
791.62
797.42
807.78
799.47
791.28
801.32
806.50
793.09
792.02
805.58
803.65
790.73
796.38
805.38
797.56
791.14
799.69
803.87
793.51
792.49
803.57
801.94
790.37
795.17
804.62
797.15
789.52
799.17
805.17
792.89
790.92
804.58
802.92
788.61
794.06
806.07
796.78
787.66
798.04
804.56
791.66
789.85
802.03
801.21
789.06
793.26
803.37
795.93
788.23
796.62
802.84
791.87
789.87
800.88
800.96
788.81
793.10
804.20
797.12
788.18
798.08
804.35
791.38
789.18
801.46
801.04
787.99
792.67
804.50
796.99
787.61
797.83
805.05
792.69
789.65
801.95
802.61
788.79
792.61
805.34
798.55
789.09
799.07
806.40
794.33
791.63
802.76
803.73
791.49
794.54
806.80
800.91
790.68
799.95
808.60
797.51
793.51
805.93
807.68
792.90
795.57
809.51
803.64
790.82
801.17
812.08
798.35
792.05
805.97
809.37
792.88
794.18
809.96
805.03
790.67
799.72
811.79
799.07
791.98
805.61
809.83
794.75
795.21
809.66
806.52
792.70
799.46
811.49
801.24
793.51
803.81
808.20
795.76
795.18
807.24
805.62
793.76
799.31
808.92
800.07
793.47
802.22
806.69
795.81
795.16
805.51
804.38
792.86
798.03
808.12
798.86
791.72
801.00
806.04
793.70
793.44
805.03
803.23
791.50
797.07
807.24
798.57
790.56
801.27
807.32
793.85
792.98
805.83
804.89
791.72
797.13
808.84
800.06
790.80
802.33
808.72
794.33
792.78
806.03
804.88
791.98
796.45
807.13
799.75
791.37
800.52
805.29
794.46
793.35
802.29
801.94
792.72
795.98
803.57
797.82
792.19
798.83
802.70
793.88
793.88
801.14
800.17
793.01
796.57
803.08
797.21
792.13
800.24
804.84
793.60
793.69
803.26
801.05
791.30
796.95
805.45
797.48
792.28
801.77
804.56
793.69
794.09
804.31
800.79
792.81
798.25
803.54
797.73
794.44
801.59
803.26
795.75
796.52
803.25
800.53
794.64
798.91
803.59
797.66
795.40
801.66
802.14
794.81
796.54
803.81
799.75
794.17
799.49
803.48
796.26
794.80
801.56
801.56
794.57
797.52
803.45
798.41
794.32
800.14
802.97
795.94
795.94
801.88
800.78
794.65
798.26
802.98
798.15
795.22
800.75
802.86
795.54
795.84
802.66
800.27
794.27
798.48
802.82
796.90
795.00
799.83
799.83
794.92
796.20
800.71
798.28
795.56
798.37
799.69
797.29
797.29
798.42
798.34
797.61
798.22
798.57
798.74
797.98
799.46
800.47
797.85
797.71
800.66
799.62
797.33
799.14
800.50
798.32
797.27
801.53
801.53
796.30
797.62
803.95
800.20
792.43
800.43
810.08
797.82
791.33
808.64
817.06
793.26
789.23
819.77
822.19
787.22
791.25
823.47
821.74
791.87
795.36
821.80
823.83
808.48
806.48
820.81
813.06
805.33
824.25
841.10
830.03
813.11
817.50
831.32
825.61
818.74
822.57
838.30
844.06
835.34
829.68
832.77
839.38
843.09
840.58
835.88
831.49
829.18
829.68
832.95
833.45
834.38
833.22
831.37
830.76
830.49
830.69
831.68
832.67
832.86
832.26
831.96
831.82
832.61
834.13
834.57
835.03
836.22
836.49
836.43
835.85
834.16
832.05
830.61
830.32
830.32
830.53
830.79
830.99
830.66
830.90
831.25
831.77
832.35
833.00
832.95
833.42
834.05
834.99
836.31
836.31
836.08
835.96
835.57
834.99
834.43
833.91
833.62
832.95
832.32
831.85
831.55
831.56
831.78
831.64
831.93
832.40
832.40
833.27
833.37
832.97
832.86
832.76
832.72
832.73
832.80
832.83
832.84
832.81
832.78
832.76
832.75
832.78
832.78
832.73
832.68
832.65
832.67
832.71
832.78
832.79
832.78
832.73
832.73
832.77
832.78
832.76
832.72
832.69
832.68
832.69
832.76
832.79
832.78
832.78
832.78
832.78
832.77
832.75
832.72
832.71
832.70
832.70
832.69
832.68
832.68
832.67
832.64
832.61
832.56
832.54
832.57
832.58
832.56
832.57
832.57
832.57
832.58
832.55
832.52
832.46
832.44
832.45
832.46
832.48
832.52
832.54
832.57
832.56
832.56
832.54
832.51
832.46
832.42
832.40
832.42
832.47
832.52
832.54
832.57
832.60
832.61
832.57
832.54
832.53
832.51
832.50
832.48
832.49
832.52
832.54
832.58
832.61
832.61
832.58
832.55
832.54
832.51
832.46
832.44
832.45
832.45
832.45
832.44
832.44
832.45
832.44
832.44
832.43
832.42
832.42
832.41
832.43
832.44
832.45
832.49
832.53
832.55
832.57
832.59
832.61
832.62
832.63
832.64
832.64
832.63
832.63
832.62
832.61
832.61
832.61
832.63
832.64
832.63
832.61
832.58
832.56
832.57
832.59
832.59
832.57
832.57
832.57
832.57
832.58
832.58
832.57
832.58
832.57
832.56
832.55
832.55
832.57
832.57
832.58
832.56
832.56
832.57
832.58
832.58
832.58
832.58
832.57
832.58
832.58
832.56
832.55
832.54
832.54
832.53
832.54
832.56
832.57
832.56
832.57
832.56
832.53
832.48
832.48
832.50
832.50
832.49
832.50
832.51
832.50
832.50
832.50
832.50
832.47
832.46
832.45
832.45
832.45
832.44
832.48
832.50
832.50
832.50
832.50
832.48
832.47
832.49
832.52
832.49
832.47
832.47
832.49
832.49
832.50
832.51