microsec deg hall1 hall2 accelX accelY
1526238352 0 649 568 -0.23 8.13
1526305948 0 649 569 -0.25 8.11
1526373552 0 649 569 -0.21 8.12
1526441152 0 649 569 -0.23 8.13
1526508752 0 649 569 -0.24 8.15
1526576348 0 649 569 -0.23 8.13
1526643948 0 649 569 -0.24 8.13
1526711548 0 649 569 -0.24 8.14
1526779156 0 649 569 -0.23 8.14
1526846744 0 649 569 -0.21 8.13
1526914340 0 649 569 -0.23 8.12
1526981940 0 649 568 -0.20 8.14
1527049552 0 649 569 -0.22 8.14
1527117140 0 649 569 -0.22 8.13
1527184744 0 649 569 -0.21 8.14
1527252340 0 649 569 -0.22 8.12
1527319940 0 649 569 -0.21 8.14
1527387544 0 649 569 -0.21 8.14
1527455140 0 649 569 -0.21 8.12
1527522744 0 649 569 -0.22 8.14
1527590340 0 649 569 -0.21 8.14
1527657940 0 648 569 -0.25 8.14
1527725540 0 649 569 -0.23 8.14
1527793140 0 649 569 -0.23 8.14
1527860744 0 649 569 -0.24 8.14
1527928340 0 649 568 -0.25 8.15
1527995940 0 649 569 -0.22 8.13
1528063540 0 649 568 -0.26 8.14
1528131140 0 649 569 -0.22 8.14
1528198740 0 649 569 -0.22 8.14
1528266340 0 649 569 -0.21 8.14
1528333940 0 649 569 -0.22 8.13
1528401540 0 649 569 -0.22 8.14
1528469144 0 649 569 -0.20 8.14
1528536744 0 649 569 -0.23 8.11
1528604340 0 649 569 -0.23 8.14
1528671944 0 649 569 -0.22 8.14
1528739540 0 649 569 -0.24 8.12
1528807140 0 648 569 -0.22 8.14
1528874740 0 649 569 -0.23 8.12
1528942340 0 649 569 -0.23 8.14
1529009940 0 649 568 -0.23 8.12
1529077540 0 649 569 -0.24 8.14
1529145144 0 649 569 -0.22 8.13
1529212744 0 649 569 -0.23 8.13
1529280344 0 649 568 -0.21 8.14
1529347944 0 649 569 -0.26 8.13
1529415544 0 649 569 -0.25 8.16
1529483144 0 650 569 -0.22 8.12
1529550744 0 649 570 -0.23 8.15
1529618344 0 649 569 -0.20 8.14
1529685944 0 649 569 -0.22 8.11
1529753544 0 649 569 -0.22 8.13
1529821144 0 649 569 -0.22 8.14
1529888744 0 649 569 -0.22 8.12
1529956344 0 648 569 -0.23 8.14
1530023952 0 649 569 -0.22 8.15
1530091552 0 649 569 -0.23 8.13
1530159152 0 649 569 -0.22 8.13
1530226752 0 649 569 -0.26 8.14
1530294352 0 649 569 -0.24 8.14
1530361952 0 649 569 -0.23 8.11
1530429552 0 649 569 -0.22 8.13
1530497152 0 649 569 -0.22 8.12
1530564752 0 649 569 -0.23 8.16
1530632352 0 649 569 -0.21 8.14
1530699952 0 649 569 -0.22 8.13
1530767552 0 649 569 -0.22 8.13
1530835152 0 649 569 -0.21 8.13
1530902752 0 649 568 -0.21 8.12
1530970344 0 649 569 -0.22 8.13
1531037948 0 649 569 -0.22 8.15
1531105552 0 648 569 -0.22 8.14
1531173144 0 649 569 -0.22 8.14
1531240744 0 649 569 -0.22 8.12
1531308340 0 649 569 -0.24 8.13
1531375948 0 649 569 -0.23 8.11
1531443540 0 649 569 -0.22 8.14
1531511140 0 649 569 -0.23 8.13
1531578744 0 649 569 -0.23 8.15
1531646340 0 649 569 -0.23 8.12
1531713940 0 648 569 -0.23 8.16
1531781540 0 649 569 -0.23 8.14
1531849140 0 649 569 -0.23 8.13
1531916740 0 649 569 -0.23 8.13
1531984340 0 649 569 -0.25 8.13
1532051944 0 649 569 -0.22 8.14
1532119544 0 649 568 -0.23 8.14
1532187140 0 648 569 -0.23 8.13
1532254744 0 648 569 -0.23 8.14
1532322340 0 649 569 -0.24 8.14
1532389940 0 649 569 -0.23 8.14
1532457540 0 649 569 -0.23 8.14
1532525140 0 649 569 -0.24 8.15
1532592744 0 649 569 -0.23 8.13
1532660344 0 649 569 -0.23 8.14
1532727940 0 649 569 -0.23 8.12
1532795540 0 649 569 -0.23 8.12
1532863144 0 649 569 -0.25 8.12
1532930740 0 649 569 -0.24 8.13
1532998340 0 649 569 -0.23 8.15
1533065940 0 649 569 -0.24 8.12
1533133544 0 649 569 -0.22 8.14
1533253028 4 649 568 -0.22 0.00
1533330500 7 18350 15729 0.00 0.00
1533409352 10 -31457 15729 0.00 0.00
1533490264 12 18350 26214 0.00 -0.23
1533571180 17 15729 648 0.00 8.12
1533648992 20 649 569 8.16 0.00
1533726476 23 569 0 8.13 0.00
1533803868 24 569 0 8.14 0.00
1533881280 26 569 0 8.16 0.00
1533958676 29 569 0 8.15 0.00
1534036100 33 569 0 8.14 0.00
1534113484 36 570 0 8.12 0.00
1534190872 36 569 0 8.14 0.00
1534216384 36 568 0 -0.23 8.14
1534279156 36 649 569 -0.23 8.14
1534347796 36 649 569 -0.23 8.14
1534416436 36 649 569 -0.22 8.14
1534485076 36 649 569 -0.22 8.12
1534553720 36 649 569 -0.24 8.13
1534622356 36 650 569 -0.23 8.14
1534690996 36 649 569 -0.22 8.15
1534759636 36 649 569 -0.23 8.13
1534828280 36 649 569 -0.24 8.13
1534896916 36 649 569 -0.25 8.12
1535017464 37 649 569 -0.23 0.00
1535043060 37 0 15729 0.00 0.00
1535109908 37 -31457 15729 0.00 -0.23
1535183756 37 -5243 649 0.00 -0.23
1535254476 37 15729 649 0.00 -0.23
1535325200 37 5243 648 0.00 -0.21
1535394880 37 26214 649 0.00 -0.21
1535465604 37 5243 649 0.00 -0.23
1535535284 37 26214 649 0.00 -0.23
1535605992 37 26214 650 0.00 -0.21
1535676704 37 15729 649 0.00 -0.22
1535747432 37 5243 649 0.00 -0.23
1535817112 37 26214 649 0.00 -0.22
1535887832 37 5243 649 0.00 -0.23
1535957508 37 15729 649 0.00 -0.24
1536028228 37 15729 648 0.00 -0.24
1536098952 37 15729 649 0.00 -0.22
1536169668 37 15729 649 0.00 -0.22
1536240392 37 -5243 649 0.00 -0.22
1536311116 37 15729 649 0.00 -0.22
1536381836 37 15729 649 0.00 -0.24
1536452556 37 5243 649 0.00 -0.25
1536522232 37 15729 649 0.00 -0.23
1536592960 37 15729 649 0.00 -0.24
1536663684 37 15729 649 0.00 -0.22
1536734404 37 15729 649 0.00 -0.24
1536805112 37 15729 649 0.00 -0.23
1536875824 37 15729 649 0.00 -0.24
1536946552 37 5243 648 0.00 -0.23
1537016232 37 26214 649 0.00 -0.22
1537138864 36 15729 649 0.00 0.00
1537216680 35 569 0 8.13 0.00
1537294068 36 568 0 8.13 0.00
1537319572 36 597 0 0.14 7.17
1537381320 36 651 622 -0.53 8.32
1537449964 36 688 686 -0.13 7.46
1537518608 36 731 735 -0.45 7.67
1537587248 36 755 757 1.08 8.94
1537654852 36 765 766 0.03 7.70
1537722452 36 769 769 2.27 6.01
1537790052 36 770 770 1.12 5.27
1537857652 36 768 769 -0.15 6.85
1537926288 36 765 766 -1.17 4.28
1537994928 36 752 757 -0.28 4.78
1538063568 36 713 730 -1.86 6.02
1538132200 36 657 638 -1.60 7.13
1538252768 37 670 541 1.63 0.00
1538330244 38 18350 23593 0.00 0.00
1538410116 40 13107 7864 0.00 0.00
1538488964 42 -18350 -18350 0.00 0.00
1538570920 46 -5243 -31457 0.00 4.05
1538651812 49 2621 769 0.00 6.55
1538729340 50 766 768 4.47 0.00
1538806856 51 760 0 4.47 0.00
1538884252 52 733 0 4.47 0.00
1538961664 54 634 0 7.92 0.00
1539039052 55 505 0 7.58 0.00
1539064564 55 614 0 2.05 7.24
1539126316 55 692 662 4.06 7.37
1539245796 57 735 735 1.83 0.00
1539271392 57 -2621 -5243 0.00 0.00
1539341388 57 2621 2621 0.00 3.97
1539411060 57 0 770 0.00 1.44
1539476580 57 23593 770 0.00 -1.40
1539547308 57 -18350 767 0.00 -1.86
1539619056 57 28836 756 0.00 -1.24
1539689764 57 -5243 732 0.00 0.15
1539759456 57 -2621 699 0.00 1.48
1539829136 57 31457 734 0.00 1.86
1539898804 57 18350 834 0.00 0.23
1539968484 57 18350 696 0.00 5.94
1540038176 57 26214 731 0.00 1.49
1540107856 57 7864 762 0.00 0.99
1540176488 57 28836 768 0.00 0.52
1540246164 57 -31457 770 0.00 0.95
1540316896 57 18350 770 0.00 -0.98
1540387608 57 0 768 0.00 -0.79
1540454168 57 -10486 758 0.00 0.16
1540524900 57 -23593 735 0.00 0.44
1540595612 57 -26214 697 0.00 1.50
1540666336 57 31457 719 0.00 2.10
1540736020 57 -31457 802 0.00 1.09
1540806748 57 -13107 694 0.00 0.97
1540877460 57 13107 728 0.00 1.76
1540999048 58 -7864 761 0.00 0.00
1541024948 58 770 0 0.48 3.53
1541090468 58 771 770 0.53 3.73
1541158068 58 770 770 -0.91 9.00
1541226708 58 766 766 -1.24 4.06
1541295336 58 729 737 -0.04 4.19
1541363976 58 677 503 0.78 0.00
1541431576 58 691 609 4.86 1.97
1541499176 58 761 755 -0.44 -0.40
1541568856 58 770 770 3.33 2.28
1541688384 57 771 770 5.95 0.00
1541713984 57 18350 -10486 0.00 0.00
1541784992 57 5243 20972 0.00 -0.13
1541856752 57 -28836 550 0.00 1.24
1541927468 57 -18350 750 0.00 1.46
1541998188 57 -26214 770 0.00 1.15
1542068912 57 20972 770 0.00 7.20
1542138588 57 23593 756 0.00 -0.69
1542209312 57 23593 694 0.00 3.66
1542279000 57 31457 759 0.00 1.11
1542348676 57 13107 748 0.00 0.37
1542470236 56 28836 769 0.00 0.00
1542496132 56 765 0 3.73 1.77
1542561652 56 758 761 1.65 2.85
1542681152 56 647 676 0.52 0.00
1542706740 56 28836 -23593 0.00 0.00
1542777764 56 13107 10486 0.00 -2.93
1542850568 56 -15729 770 0.00 2.63
1542921292 56 771 771 4.08 3.85
1542988892 56 766 765 5.84 -4.68
1543057532 56 731 716 0.44 3.82
1543125128 56 784 331 3.18 -3.98
1543193768 56 684 693 1.70 0.20
1543261372 56 764 764 -0.87 1.62
1543330012 56 769 770 0.04 -0.40
1543398648 56 768 767 2.76 2.34
1543466248 56 749 753 3.64 2.85
1543533848 56 634 563 1.47 0.85
1543601448 56 621 501 4.66 -1.04
1543670088 56 751 743 0.64 2.03
1543737680 56 769 769 0.61 1.19
1543805280 56 770 770 3.91 -1.92
1543873928 56 766 765 0.92 -0.79
1543942560 56 706 717 8.22 2.66
1544010160 56 572 334 2.75 1.73
1544077760 56 679 673 1.64 -3.12
1544146400 56 762 762 2.89 -1.40
1544215040 56 770 770 0.02 -1.93
1544283680 56 769 769 4.06 -1.90
1544352320 56 755 758 3.52 2.89
1544419920 56 637 609 2.74 3.14
1544487520 56 529 537 0.51 -1.09
1544556164 56 738 739 1.52 -1.14
1544624800 56 769 769 -1.77 2.42
1544693440 56 770 770 1.91 2.47
1544761040 56 764 765 9.94 1.51
1544828640 56 717 719 2.37 9.07
1544896248 56 787 326 0.72 1.40
1544963840 56 680 664 3.75 0.22
1545031440 56 765 762 0.83 -0.71
1545100080 56 770 770 -0.23 4.93
1545168724 56 769 769 1.64 0.79
1545236324 56 754 755 4.49 2.59
1545303932 56 627 609 3.55 -0.41
1545372564 56 565 512 2.10 1.27
1545440164 56 742 740 1.44 -4.33
1545508804 56 770 768 -1.28 -0.11
1545630388 55 770 770 3.75 0.00
1545655988 55 28836 -18350 0.00 0.00
1545727000 55 23593 31457 0.00 4.37
1545798764 55 -23593 659 0.00 2.93
1545869484 55 -28836 718 0.00 0.90
1545940200 55 -28836 767 0.00 -0.05
1546011960 55 -15729 770 0.00 1.85
1546082672 55 768 767 5.12 1.87
1546150272 55 724 731 2.09 8.30
1546217872 55 701 401 4.46 -3.65
1546286512 55 672 640 4.68 1.50
1546354112 55 760 758 -0.45 -1.15
1546423792 55 770 770 2.03 1.70
1546491392 55 769 769 4.28 2.94
1546558992 55 758 760 8.58 2.56
1546626592 55 632 654 0.33 1.09
1546694192 55 625 413 1.61 1.80
1546761792 55 724 722 -1.46 1.48
1546830432 55 768 767 -0.56 -1.67
1546900112 55 770 770 4.60 5.06
1546967712 55 768 767 1.14 -4.84
1547036352 55 733 739 3.39 7.10
1547103956 55 709 454 5.04 -1.07
1547172592 55 612 624 2.88 -0.26
1547241232 55 758 757 1.40 -2.59
1547309876 55 770 770 -2.90 3.72
1547378516 55 769 769 7.97 3.34
1547446116 55 758 760 -0.10 4.54
1547514756 55 678 652 2.20 1.82
1547582356 55 697 417 2.48 2.56
1547649956 55 732 727 1.35 -1.51
1547718596 55 768 767 -0.77 4.29
1547787240 55 770 770 1.42 2.68
1547854836 55 768 766 3.90 3.34
1547922440 55 737 740 2.88 0.00
1547990052 55 458 2621 -2.99 0.00
1548059724 55 466 28836 -0.31 0.00
1548130440 55 26214 -10486 0.00 3.07
1548203240 55 -13107 770 0.00 -2.04
1548275000 55 769 770 3.64 1.02
1548342596 55 754 757 7.26 2.90
1548410192 55 672 611 -1.11 0.16
1548478832 55 569 471 2.04 -0.20
1548547472 55 740 740 -2.68 0.15
1548616112 55 769 768 -0.12 -2.09
1548685792 55 770 770 3.95 3.05
1548753392 55 767 765 3.75 1.36
1548821000 55 721 725 3.40 9.01
1548888592 55 714 335 1.46 -1.07
1548957232 55 660 656 3.77 0.57
1549024832 55 763 760 0.19 -2.05
1549093472 55 771 770 1.42 -0.45
1549162120 55 769 769 3.48 -0.35
1549230752 55 755 757 4.33 0.31
1549298352 55 653 618 3.44 -0.73
1549366992 55 555 466 0.72 0.58
1549434592 55 741 742 1.20 -3.03
1549503236 55 769 768 3.39 2.58
1549570832 55 770 770 2.74 5.33
1549638432 55 766 766 5.02 2.32
1549706036 55 723 730 2.87 10.07
1549774676 55 695 382 1.89 -0.58
1549843316 55 685 667 -0.69 -1.02
1549912996 55 761 760 0.78 -2.29
1549981636 55 770 770 2.74 3.26
1550049236 55 768 769 -1.22 -1.66
1550118920 55 756 758 4.43 0.00
1550186520 55 603 -7864 0.13 0.00
1550256204 55 -28836 -5243 0.00 7.80
1550329004 55 5243 752 0.00 -2.32
1550398684 55 770 768 0.66 4.99
1550466280 55 770 770 3.68 0.32
1550533880 55 765 764 -0.33 0.67
1550602520 55 705 717 2.48 5.64
1550670120 55 689 369 1.31 -4.27
1550738756 55 696 680 1.96 -2.59
1550807392 55 764 762 3.11 -1.89
1550876032 55 770 770 0.53 -1.68
1550944672 55 768 768 2.16 0.96
1551012272 55 751 754 3.98 7.10
1551079872 55 625 568 0.65 0.22
1551147472 55 529 536 2.90 3.17
1551215072 55 746 746 -1.55 0.15
1551283712 55 770 768 0.81 2.96
1551351320 55 769 770 2.97 -0.84
1551419952 55 765 765 2.31 3.27
1551487552 55 703 716 0.79 2.12
1551555152 55 683 386 3.71 -2.02
1551623792 55 693 676 1.38 -0.45
1551692436 55 764 762 0.90 -0.84
1551761072 55 770 770 -0.77 2.51
1551829720 55 767 769 6.36 2.97
1551897312 55 752 754 3.45 6.44
1551964912 55 622 578 2.48 0.52
1552032512 55 537 517 2.07 1.83
1552100112 55 742 743 -2.20 0.62
1552168756 55 770 768 0.08 2.57
1552236356 55 770 770 5.99 1.95
1552303956 55 765 765 5.71 -0.51
1552372596 55 710 722 -2.67 5.14
1552441236 55 681 383 -1.00 -1.20
1552510916 55 684 667 1.28 1.00
1552578524 55 763 761 0.86 -3.62
1552647156 55 770 770 3.36 0.49
1552714760 55 768 769 2.63 1.69
1552782364 55 754 756 4.05 6.11
1552849964 55 657 612 1.48 0.01
1552917560 55 548 472 0.96 1.82
1552985164 55 738 740 -0.55 -1.22
1553054852 55 770 768 4.35 -2.03
1553123484 55 770 770 6.78 6.89
1553191084 55 765 765 5.34 1.18
1553258684 55 716 726 1.47 1.32
1553326284 55 683 379 3.73 -0.33
1553394920 55 679 657 -0.03 1.13
1553463564 55 762 760 0.86 -3.11
1553532200 55 770 770 -0.37 -1.67
1553601872 55 768 769 4.25 0.22
1553669472 55 755 757 9.05 2.07
1553737072 55 636 621 1.80 -1.28
1553805712 55 577 462 2.08 -0.76
1553874352 55 737 738 -2.79 -2.39
1553944032 55 769 767 0.02 -0.91
1554012672 55 770 770 1.80 1.27
1554080272 55 765 766 5.55 -0.92
1554148912 55 718 727 -0.50 6.92
1554217560 55 691 364 2.09 -1.09
1554286192 55 672 658 -0.92 1.05
1554354832 55 762 759 2.33 -5.31
1554423472 55 770 770 -0.37 7.33
1554492112 55 768 769 3.77 2.46
1554559712 55 755 757 9.50 2.42
1554627312 55 649 601 2.89 0.54
1554694912 55 571 460 3.30 1.06
1554762512 55 737 738 1.34 -2.42
1554831156 55 769 768 0.89 -2.34
1554899796 55 770 770 5.29 7.71
1554967396 55 766 767 4.73 3.16
1555034996 55 721 729 -2.42 3.78
1555103644 55 676 380 3.86 -0.50
1555172276 55 682 657 2.42 2.21
1555239876 55 761 760 -0.89 -1.90
1555309556 55 770 770 2.34 1.57
1555377164 55 769 769 1.51 -0.23
1555445804 55 757 759 4.71 2.85
1555513404 55 660 636 3.27 1.04
1555581004 55 590 443 3.33 3.53
1555648604 55 730 732 1.29 -2.36
1555769160 53 768 768 -0.23 0.00
1555794764 53 28836 -18350 0.00 0.00
1555918712 52 7864 -18350 0.00 2.09
1555998584 50 682 399 -1.01 0.00
1556024188 50 664 0 1.15 -1.33
1556141912 49 733 732 -0.98 0.00
1556219396 46 7864 -28836 0.00 0.00
1556299252 44 13107 7864 0.00 5.23
1556378068 42 18350 728 0.00 7.32
1556455868 40 687 317 1.47 0.00
1556533380 38 703 0 1.79 0.00
1556610756 36 766 0 -0.02 0.00
1556688128 33 770 0 3.47 0.00
1556765512 30 765 0 2.92 0.00
1556842920 24 697 0 1.59 0.00
1556920344 18 616 0 3.77 1.34
1556997740 14 737 738 -3.29 0.00
1557075224 7 769 0 1.05 0.00
1557152584 3 770 0 4.03 0.00
1557229936 0 761 0 2.69 0.00
1557255396 0 621 0 2.74 1.13
1557315100 0 703 396 2.63 -0.11
1557382704 0 569 574 4.05 -1.78
1557450300 0 752 752 -0.42 -0.33
1557518940 0 770 769 1.66 2.71
1557585500 0 769 770 2.88 2.60
1557652060 0 764 764 1.14 1.50
1557718624 0 686 706 3.11 2.51
1557785180 0 675 370 1.59 0.22
1557851740 0 692 681 0.79 -0.95
1557919340 0 763 761 1.45 -2.14
1557986940 0 770 770 4.41 0.82
1558053500 0 768 769 5.13 1.39
1558120060 0 755 757 7.85 -1.39
1558187664 0 637 618 5.73 0.60
1558254220 0 589 455 4.40 0.74
1558320780 0 734 735 -1.91 -2.11
1558389420 0 768 767 2.16 -0.75
1558457020 0 770 770 0.89 4.22
1558523580 0 766 766 8.88 -1.27
1558591180 0 730 737 0.84 2.99
1558657740 0 689 439 9.30 -2.11
1558725340 0 638 604 3.38 -0.11
1558792940 0 756 756 2.23 -2.13
1558860540 0 770 770 1.97 -0.20
1558928144 0 769 770 0.41 0.00
1558994700 0 762 763 2.51 2.99
1559061260 0 690 692 2.08 3.03
1559127820 0 682 342 3.30 -3.28
1559195420 0 704 701 0.99 -0.75
1559263020 0 767 764 1.99 -0.60
1559330624 0 770 770 1.17 5.01
1559397184 0 768 768 5.12 0.65
1559463744 0 750 753 -2.22 0.13
1559531344 0 572 594 3.73 1.05
1559597904 0 554 512 3.49 -0.98
1559665504 0 744 741 0.54 -0.86
1559733104 0 769 768 1.39 1.13
1559799664 0 770 770 3.36 -1.02
1559867264 0 766 766 3.96 -0.61
1559934864 0 726 729 2.89 4.95
1560001424 0 695 323 1.20 1.28
1560067984 0 643 640 2.35 0.75
1560134544 0 760 759 -0.37 0.53
1560202144 0 770 770 -0.07 8.30
1560269744 0 769 770 3.59 -0.32
1560337344 0 760 760 2.03 0.75
1560403904 0 636 675 3.98 2.96
1560470464 0 654 381 2.41 -1.19
1560538064 0 720 715 1.41 -0.36
1560605664 0 766 765 0.34 2.22
1560672224 0 771 770 5.15 4.50
1560738784 0 768 768 4.56 0.20
1560805344 0 748 751 4.06 6.69
1560871904 0 598 580 -0.30 1.21
1560939504 0 536 517 3.00 1.54
1561006064 0 743 744 -1.69 -1.85
1561074712 0 769 768 -0.02 7.65
1561142312 0 770 770 5.14 1.88
1561208872 0 766 766 7.21 -0.90
1561276472 0 716 727 -0.90 5.00
1561344072 0 672 382 4.49 -3.16
1561411668 0 655 644 3.74 0.19
1561478232 0 761 758 -0.41 -1.30
1561546872 0 770 770 -0.38 2.17
1561614472 0 768 769 3.81 2.18
1561681032 0 758 760 7.69 2.43
1561747592 0 671 658 1.38 4.04
1561814152 0 663 386 -1.01 0.29
1561881752 0 719 720 1.55 -1.60
1561949352 0 768 766 2.41 1.92
1562015912 0 770 770 1.78 -0.31
1562083512 0 768 767 1.32 4.19
1562150072 0 742 747 7.48 3.15
1562216632 0 569 532 4.39 0.81
1562283192 0 625 557 6.67 -2.13
1562350792 0 750 747 0.13 -1.59
1562418392 0 769 769 2.38 4.72
1562484952 0 770 769 7.38 2.97
1562551512 0 765 765 6.92 0.30
1562618072 0 715 720 1.78 4.91
1562684632 0 666 310 -0.15 -1.16
1562753268 0 662 650 3.99 -1.83
1562820876 0 761 760 -1.97 -2.42
1562889500 0 770 770 -0.59 3.74
1562957100 0 769 769 1.94 5.44
1563023664 0 757 759 -0.10 1.51
1563091268 0 637 650 2.05 5.83
1563157828 0 546 441 -0.28 1.24
1563225420 0 726 725 1.19 -4.28
1563293020 0 768 766 0.28 -2.35
1563360624 0 770 770 2.25 1.65
1563427180 0 767 767 5.20 1.59
1563493740 0 740 746 1.26 2.30
1563560300 0 616 515 6.72 -2.92
1563627900 0 557 560 3.66 2.42
1563694460 0 751 751 2.52 -2.75
1563813980 3 770 770 6.11 0.00
1563839544 3 -23593 -15729 0.00 0.00
1563961460 0 -18350 -7864 0.00 -1.30
1563990472 0 720 387 3.91 1.40
1564057032 0 598 529 5.17 -2.26
1564124628 0 738 731 -2.43 0.63